,Width##SECTION_PROPERTY##MILLIMETERS,Web Thickness##SECTION_PROPERTY##MILLIMETERS,Web Fillet##SECTION_PROPERTY##MILLIMETERS,Warping Constant##WARPING_CONSTANT##MILLIMETERS_TO_THE_SIXTH_POWER,Torsional Moment of Inertia##MOMENT_OF_INERTIA##MILLIMETERS_TO_THE_FOURTH_POWER,Structural Material##OTHER##,Section Name Key##OTHER##,Section Area##SECTION_AREA##SQUARE_MILLIMETERS,Plastic Modulus weak axis##SECTION_MODULUS##CUBIC_MILLIMETERS,Plastic Modulus strong axis##SECTION_MODULUS##CUBIC_MILLIMETERS,Perimeter##SURFACE_AREA##SQUARE_METERS_PER_METER,Nominal Weight##WEIGHT_PER_UNIT_LENGTH##KILOGRAMS_FORCE_PER_METER,Moment of Inertia weak axis##MOMENT_OF_INERTIA##MILLIMETERS_TO_THE_FOURTH_POWER,Moment of Inertia strong axis##MOMENT_OF_INERTIA##MILLIMETERS_TO_THE_FOURTH_POWER,Height##SECTION_PROPERTY##MILLIMETERS,Flange Thickness##SECTION_PROPERTY##MILLIMETERS,Elastic Modulus weak axis##SECTION_MODULUS##CUBIC_MILLIMETERS,Elastic Modulus strong axis##SECTION_MODULUS##CUBIC_MILLIMETERS,Centroid Vertical##SECTION_PROPERTY##MILLIMETERS,Centroid Horizontal##SECTION_PROPERTY##MILLIMETERS,Assembly Code##OTHER##
H_SC_H-100x100x6x8,100,6,10,2821333333,40757,"Steel, 45-345",,2190,41200,87600,0.57,17.2 ,1.34E+06,3.83E+06,100,8,26700,76500,50,50,
H_SC_H-125x125x6.5x9,125,6.5,10,9855468750,71369,"Steel, 45-345",,3031,71900,154000,0.72,23.8 ,2.93E+06,8.47E+06,125,9,47000,136000,62.5,62.5,
H_SC_H-150x75x5x7,75,5,8,2516185547,23108,"Steel, 45-345",,1785,20800,102000,0.58,14.0 ,4.95E+05,6.66E+06,150,7,13200,88800,75,37.5,
H_SC_H-148x100x6x9,100,6,11,7245375000,58608,"Steel, 45-345",,2684,46700,157000,0.67,21.1 ,1.51E+06,1.02E+07,148,9,30100,138000,74,50,
H_SC_H-150x150x7x10,150,7,11,27562500000,116007,"Steel, 45-345",,4014,115000,246000,0.87,31.5 ,5.63E+06,1.64E+07,150,10,75100,219000,75,75,
H_SC_H-198x99x4.5x7,99,4.5,11,10324264364,28440,"Steel, 45-345",,2318,35700,180000,0.76,18.2 ,1.14E+06,1.58E+07,198,7,23000,160000,99,49.5,
H_SC_H-200x100x5.5x8,100,5.5,11,12288000000,44781,"Steel, 45-345",,2716,41900,209000,0.77,21.3 ,1.34E+06,1.84E+07,200,8,26800,184000,100,50,
H_SC_H-194x150x6x9,150,6,13,43316015625,86220,"Steel, 45-345",,3901,104000,309000,0.95,30.6 ,5.07E+06,2.69E+07,194,9,67600,277000,97,75,
H_SC_H-200x200x8x12,200,8,13,1.41376E+11,262485,"Steel, 45-345",,6353,244000,525000,1.16,49.9 ,1.60E+07,4.72E+07,200,12,160000,472000,100,100,
H_SC_H-200x204x12x12,204,12,13,1.50029E+11,343296,"Steel, 45-345",,7153,257000,565000,1.17,56.2 ,1.70E+07,4.98E+07,200,12,167000,498000,100,102,
H_SC_H-208x202x10x16,202,10,13,2.02565E+11,615595,"Steel, 45-345",,8369,332000,710000,1.18,65.7 ,2.20E+07,6.53E+07,208,16,218000,628000,104,101,
H_SC_H-248x124x5x8,124,5,12,36607180800,52325,"Steel, 45-345",,3268,63600,319000,0.96,25.7 ,2.55E+06,3.54E+07,248,8,41100,285000,124,62,
H_SC_H-250x125x6x9,125,6,12,42539794922,78102,"Steel, 45-345",,3766,73100,366000,0.97,29.6 ,2.94E+06,4.05E+07,250,9,47000,324000,125,62.5,
H_SC_H-244x175x7x11,175,7,16,1.33354E+11,181923,"Steel, 45-345",,5624,173000,558000,1.15,44.1 ,9.84E+06,6.12E+07,244,11,113000,502000,122,87.5,
H_SC_H-244x252x11x11,252,11,16,3.98194E+11,326982,"Steel, 45-345",,8206,358000,805000,1.45,64.4 ,2.94E+07,8.79E+07,244,11,233000,720000,122,126,
H_SC_H-248x249x8x13,249,8,16,4.61813E+11,404809,"Steel, 45-345",,8470,408000,883000,1.45,66.5 ,3.35E+07,9.93E+07,248,13,269000,801000,124,124.5,
H_SC_H-250x250x9x14,250,9,16,5.07646E+11,514681,"Steel, 45-345",,9218,444000,960000,1.46,72.4 ,3.65E+07,1.08E+08,250,14,292000,867000,125,125,
H_SC_H-250x255x14x14,255,14,16,5.38718E+11,682341,"Steel, 45-345",,10470,468000,1040000,1.47,82.2 ,3.88E+07,1.15E+08,250,14,304000,919000,125,127.5,
H_SC_H-298x149x5.5x8,149,5.5,13,92732836967,66942,"Steel, 45-345",,4080,91800,475000,1.16,32.0 ,4.42E+06,6.32E+07,298,8,59300,424000,149,74.5,
H_SC_H-300x150x6.5x9,150,6.5,13,1.07174E+11,99539,"Steel, 45-345",,4678,105000,542000,1.17,36.7 ,5.08E+06,7.21E+07,300,9,67700,481000,150,75,
H_SC_H-294x200x8x12,200,8,18,3.18096E+11,278528,"Steel, 45-345",,7238,247000,859000,1.34,56.8 ,1.60E+07,1.13E+08,294,12,160000,771000,147,100,
H_SC_H-298x201x9x14,201,9,18,3.82069E+11,436708,"Steel, 45-345",,8336,291000,1000000,1.35,65.4 ,1.90E+07,1.33E+08,298,14,189000,893000,149,100.5,
H_SC_H-294x302x12x12,302,12,18,1.09519E+12,510336,"Steel, 45-345",,10770,560000,1280000,1.74,84.5 ,5.52E+07,1.69E+08,294,12,365000,1150000,147,151,
H_SC_H-298x299x9x14,299,9,18,1.25767E+12,615983,"Steel, 45-345",,11080,634000,1389000,1.74,87.0 ,6.24E+07,1.88E+08,298,14,417000,1270000,149,149.5,
H_SC_H-300x300x10x15,300,10,18,1.37067E+12,770000,"Steel, 45-345",,11980,684000,1500000,1.75,94.0 ,6.75E+07,2.04E+08,300,15,450000,1360000,150,150,
H_SC_H-300x305x15x15,305,15,18,1.44035E+12,1006875,"Steel, 45-345",,13480,716000,1610000,1.76,106.0 ,7.10E+07,2.15E+08,300,15,466000,1440000,150,152.5,
H_SC_H-304x301x11x17,301,11,18,1.59111E+12,1113208,"Steel, 45-345",,13480,781000,1705000,1.76,106.0 ,7.73E+07,2.34E+08,304,17,514000,1540000,152,150.5,
H_SC_H-310x305x15x20,305,15,18,1.98845E+12,1952917,"Steel, 45-345",,16530,949000,2079000,1.78,130.0 ,9.46E+07,2.82E+08,310,20,620000,1810000,155,152.5,
H_SC_H-310x310x20x20,310,20,18,2.08785E+12,2426667,"Steel, 45-345",,18080,992000,2199000,1.79,142.0 ,9.94E+07,2.94E+08,310,20,642000,1890000,155,155,
H_SC_H-346x174x6x9,174,6,14,2.24357E+11,108828,"Steel, 45-345",,5268,140000,716000,1.35,41.4 ,7.92E+06,1.11E+08,346,9,91000,641000,173,87,
H_SC_H-350x175x7x11,175,7,14,2.8229E+11,194042,"Steel, 45-345",,6314,174000,868000,1.36,49.6 ,9.84E+06,1.36E+08,350,11,112000,775000,175,87.5,
H_SC_H-354x176x8x13,176,8,14,3.43383E+11,315979,"Steel, 45-345",,7368,208000,1022000,1.37,57.8 ,1.18E+07,1.61E+08,354,13,134000,909000,177,88,
H_SC_H-336x249x8x12,249,8,20,8.10323E+11,342144,"Steel, 45-345",,8815,380000,1215000,1.62,69.2 ,3.09E+07,1.85E+08,336,12,248000,1100000,168,124.5,
H_SC_H-340x250x9x14,250,9,20,9.68661E+11,536551,"Steel, 45-345",,10150,447000,1410000,1.63,79.7 ,3.65E+07,2.17E+08,340,14,292000,1280000,170,125,
H_SC_H-338x351x13x13,351,13,20,2.47412E+12,752106,"Steel, 45-345",,13530,872000,1851000,2.03,106.0 ,9.38E+07,2.82E+08,338,13,534000,1670000,169,175.5,
H_SC_H-344x348x10x16,348,10,20,3.02269E+12,1059605,"Steel, 45-345",,14600,980000,2120000,2.02,115.0 ,1.12E+08,3.33E+08,344,16,646000,1940000,172,174,
H_SC_H-344x354x16x16,354,16,20,3.18175E+12,1414485,"Steel, 45-345",,16660,1023000,2247000,2.04,131.0 ,1.18E+08,3.53E+08,344,16,669000,2050000,172,177,
H_SC_H-350x350x12x19,350,12,20,3.7188E+12,1791089,"Steel, 45-345",,17390,1180000,2550000,2.04,137.0 ,1.36E+08,4.03E+08,350,19,776000,2300000,175,175,
H_SC_H-350x357x19x19,357,19,20,3.94642E+12,2389218,"Steel, 45-345",,19140,1244000,2760000,2.06,156.0 ,1.44E+08,4.28E+08,350,19,809000,2450000,175,178.5,
H_SC_H-396x199x7x11,199,7,16,5.3538E+11,220598,"Steel, 45-345",,7216,224000,1130000,1.55,56.6 ,1.45E+07,2.00E+08,396,11,145000,1010000,198,99.5,
H_SC_H-400x200x8x13,200,8,16,6.48999E+11,358981,"Steel, 45-345",,8412,268000,1330000,1.56,66.0 ,1.74E+07,2.37E+08,400,13,174000,1190000,200,100,
H_SC_H-404x201x9x15,201,9,16,7.68011E+11,546777,"Steel, 45-345",,9616,312000,1528000,1.57,75.5 ,2.03E+07,2.75E+08,404,15,202000,1360000,202,100.5,
H_SC_H-386x299x9x14,299,9,22,2.15783E+12,637367,"Steel, 45-345",,12010,637000,1918000,1.91,94.3 ,6.24E+07,3.37E+08,386,14,418000,1740000,193,149.5,
H_SC_H-390x300x10x16,300,10,22,2.51777E+12,943867,"Steel, 45-345",,13600,733000,2190000,1.92,107.0 ,7.21E+07,3.87E+08,390,16,481000,1980000,195,150,
H_SC_H-388x402x15x15,402,15,22,5.64906E+12,1324125,"Steel, 45-345",,17850,1240000,2800000,2.32,140.0 ,1.63E+08,4.90E+08,388,15,809000,2520000,194,201,
H_SC_H-394x398x11x18,398,11,22,6.68477E+12,1714243,"Steel, 45-345",,18680,1440000,3120000,2.32,147.0 ,1.89E+08,5.61E+08,394,18,951000,2850000,197,199,
H_SC_H-394x405x18x18,405,18,22,7.04372E+12,2305584,"Steel, 45-345",,21440,1511000,3390000,2.33,168.0 ,2.00E+08,5.97E+08,394,18,985000,3030000,197,202.5,
H_SC_H-400x400x13x21,400,13,22,8.0439E+12,2747154,"Steel, 45-345",,21870,1700000,3670000,2.34,172.0 ,2.24E+08,6.66E+08,400,21,1120000,3330000,200,200,
H_SC_H-400x408x21x21,408,21,22,8.53625E+12,3688965,"Steel, 45-345",,25070,1790000,3990000,2.35,197.0 ,2.38E+08,7.09E+08,400,21,1170000,3540000,200,204,
H_SC_H-406x403x16x24,403,16,22,9.55085E+12,4235605,"Steel, 45-345",,25490,1977000,4280000,2.35,200.0 ,2.62E+08,7.80E+08,406,24,1300000,3840000,203,201.5,
H_SC_H-414x405x18x28,405,18,22,1.15475E+13,6677424,"Steel, 45-345",,29540,2330000,5030000,2.37,232.0 ,3.10E+08,9.28E+08,414,28,1530000,4480000,207,202.5,
H_SC_H-428x407x20x35,407,20,22,1.51854E+13,12681417,"Steel, 45-345",,36070,2940000,6310000,2.41,283.0 ,3.94E+08,1.19E+09,428,35,1930000,5570000,214,203.5,
H_SC_H-458x417x30x50,417,30,22,2.51471E+13,38422000,"Steel, 45-345",,52860,4440000,9540000,2.49,415.0 ,6.05E+08,1.87E+09,458,50,2900000,8170000,229,208.5,
H_SC_H-498x432x45x70,432,45,22,4.3075E+13,111784500,"Steel, 45-345",,77010,6720000,14500000,2.60,605.0 ,9.40E+08,2.98E+09,498,70,4370000,13000000,249,216,
H_SC_H-446x199x8x12,199,8,18,7.42179E+11,303317,"Steel, 45-345",,8430,247000,1450000,1.64,66.2 ,1.58E+07,2.87E+08,446,12,159000,1290000,223,99.5,
H_SC_H-450x200x9x14,200,9,18,8.87115E+11,471815,"Steel, 45-345",,9676,291000,1680000,1.65,76.0 ,1.87E+07,3.35E+08,450,14,187000,1490000,225,100,
H_SC_H-434x299x10x15,299,10,24,2.93306E+12,812417,"Steel, 45-345",,13500,686000,2384000,2.00,106.0 ,6.69E+07,4.68E+08,434,15,448000,2160000,217,149.5,
H_SC_H-440x300x11x18,300,11,24,3.6062E+12,1353627,"Steel, 45-345",,15740,828000,2820000,2.02,124.0 ,8.11E+07,5.61E+08,440,18,541000,2550000,220,150,
H_SC_H-496x199x9x14,199,9,20,1.068E+12,481163,"Steel, 45-345",,10130,290000,1910000,1.74,79.5 ,1.84E+07,4.19E+08,496,14,185000,1690000,248,99.5,
H_SC_H-500x200x10x16,200,10,20,1.24937E+12,707467,"Steel, 45-345",,11420,335000,2180000,1.75,89.6 ,2.14E+07,4.78E+08,500,16,214000,1910000,250,100,
H_SC_H-506x201x11x19,201,11,20,1.52471E+12,1135172,"Steel, 45-345",,13130,401000,2540000,1.76,103.0 ,2.58E+07,5.65E+08,506,19,254000,2230000,253,100.5,
H_SC_H-482x300x11x15,300,11,26,3.68025E+12,882192,"Steel, 45-345",,14550,695000,2790000,2.10,114.0 ,6.76E+07,6.04E+08,482,15,451000,2500000,241,150,
H_SC_H-488x300x11x18,300,11,26,4.47323E+12,1374923,"Steel, 45-345",,16350,830000,3230000,2.11,128.0 ,8.11E+07,7.10E+08,488,18,541000,2910000,244,150,
H_SC_H-596x199x10x15,199,10,22,1.66261E+12,641417,"Steel, 45-345",,12050,315000,2650000,1.93,94.6 ,1.98E+07,6.87E+08,596,15,199000,2310000,298,99.5,
H_SC_H-600x200x11x17,200,11,22,1.92604E+12,913724,"Steel, 45-345",,13440,361000,2980000,1.94,106.0 ,2.28E+07,7.76E+08,600,17,228000,2590000,300,100,
H_SC_H-606x201x12x20,201,12,22,2.32382E+12,1409536,"Steel, 45-345",,15250,429000,3430000,1.95,120.0 ,2.72E+07,9.04E+08,606,20,271000,2980000,303,100.5,
H_SC_H-612x202x13x23,202,13,22,2.74032E+12,2069834,"Steel, 45-345",,17070,498000,3893000,1.97,134.0 ,3.18E+07,1.03E+09,612,23,314000,3380000,306,101,
H_SC_H-582x300x12x17,300,12,28,6.10518E+12,1308040,"Steel, 45-345",,17450,793000,3960000,2.29,137.0 ,7.67E+07,1.03E+09,582,17,511000,3530000,291,150,
H_SC_H-588x300x12x20,300,12,28,7.25904E+12,1927168,"Steel, 45-345",,19250,928000,4490000,2.30,151.0 ,9.02E+07,1.18E+09,588,20,601000,4020000,294,150,
H_SC_H-594x302x14x23,302,14,28,8.60616E+12,2971897,"Steel, 45-345",,22240,1080000,5200000,2.32,175.0 ,1.06E+08,1.37E+09,594,23,701000,4620000,297,151,
H_SC_H-692x300x13x20,300,13,28,1.01606E+13,2092128,"Steel, 45-345",,21150,936000,5630000,2.51,166.0 ,9.02E+07,1.72E+09,692,20,602000,4980000,346,150,
H_SC_H-700x300x13x24,300,13,28,1.23384E+13,3259857,"Steel, 45-345",,23550,1120000,6460000,2.53,185.0 ,1.08E+08,2.01E+09,700,24,722000,5760000,350,150,
H_SC_H-708x302x15x28,302,15,28,1.48589E+13,5184669,"Steel, 45-345",,27360,1323000,7559000,2.55,215.0 ,1.29E+08,2.37E+09,708,28,853000,6700000,354,151,
H_SC_H-792x300x14x22,300,14,28,1.46743E+13,2833893,"Steel, 45-345",,24340,1040000,7290000,2.71,191.0 ,9.93E+07,2.54E+09,792,22,662000,6410000,396,150,
H_SC_H-800x300x14x26,300,14,28,1.7523E+13,4223152,"Steel, 45-345",,26740,1220000,8240000,2.72,210.0 ,1.17E+08,2.92E+09,800,26,782000,7290000,400,150,
H_SC_H-808x302x16x30,302,16,28,2.08396E+13,6498229,"Steel, 45-345",,30760,1426000,9534000,2.74,241.0 ,1.38E+08,3.39E+09,808,30,915000,8400000,404,151,
H_SC_H-890x299x15x23,299,15,18,1.92561E+13,3400664,"Steel, 45-345",,26680,1080000,8910000,2.92,210.0 ,1.03E+08,3.39E+09,890,23,687000,7610000,445,149.5,
H_SC_H-900x300x16x28,300,16,18,2.39521E+13,5580971,"Steel, 45-345",,30580,1320000,10500000,2.94,240.0 ,1.26E+08,4.04E+09,900,28,842000,8990000,450,150,
H_SC_H-912x302x18x34,302,18,18,3.008E+13,9620037,"Steel, 45-345",,36010,1630000,12500000,2.97,283.0 ,1.57E+08,4.91E+09,912,34,1040000,10800000,456,151,
H_SC_H-918x303x19x37,303,19,18,3.32867E+13,12246166,"Steel, 45-345",,38740,1778000,13377000,2.98,304.0 ,1.72E+08,5.35E+09,918,37,1140000,11700000,459,151.5,
