,Width##SECTION_PROPERTY##MILLIMETERS,Height##SECTION_PROPERTY##MILLIMETERS,Flange Thickness##SECTION_PROPERTY##MILLIMETERS,Web Thickness##SECTION_PROPERTY##MILLIMETERS,Web Fillet##SECTION_PROPERTY##MILLIMETERS,Section Area##SECTION_AREA##SQUARE_MILLIMETERS,Nominal Weight##WEIGHT_PER_UNIT_LENGTH##KILOGRAMS_FORCE_PER_METER,Perimeter##SURFACE_AREA##SQUARE_METERS_PER_METER,Moment of Inertia strong axis##MOMENT_OF_INERTIA##MILLIMETERS_TO_THE_FOURTH_POWER,Moment of Inertia weak axis##MOMENT_OF_INERTIA##MILLIMETERS_TO_THE_FOURTH_POWER,Elastic Modulus strong axis##SECTION_MODULUS##CUBIC_MILLIMETERS,Elastic Modulus weak axis##SECTION_MODULUS##CUBIC_MILLIMETERS,Plastic Modulus strong axis##SECTION_MODULUS##CUBIC_MILLIMETERS,Plastic Modulus weak axis##SECTION_MODULUS##CUBIC_MILLIMETERS,Torsional Moment of Inertia##MOMENT_OF_INERTIA##MILLIMETERS_TO_THE_FOURTH_POWER,Warping Constant##WARPING_CONSTANT##MILLIMETERS_TO_THE_SIXTH_POWER,Bolt Spacing##SECTION_DIMENSION##MILLIMETERS,Section Name Key##other##
H_SC_W1100x499,404,1120,45,26.2,20,63500,499,3.76,12900000000,499000000,23100000,2460000,26500000,3870000,31100000,1.44E+14,0,W44x335
H_SC_W1100x433,401,1110,40.1,22,19.8,55100,433,3.73,11200000000,433000000,20300000,2160000,23100000,3360000,21200000,1.24E+14,0,W44x290
H_SC_W1100x390,401,1100,36.1,19.9,19.8,49800,390,3.73,10000000000,384000000,18200000,1920000,20800000,2980000,15500000,1.09E+14,0,W44x262
H_SC_W1100x343,401,1090,31,18,20.1,43700,343,3.71,8660000000,331000000,15900000,1660000,18000000,2570000,10400000,9.29E+13,0,W44x230
H_SC_W1000x883,424,1090,82,45.5,30,112000,883,3.73,21000000000,1050000000,38300000,4950000,45200000,7880000,185000000,2.68E+14,0,W40x593
H_SC_W1000x748,417,1070,70.1,39.1,29.9,95500,748,3.68,17300000000,849000000,32400000,4080000,38000000,6460000,115000000,2.12E+14,0,W40x503
H_SC_W1000x642,411,1050,59.9,34,30,81900,642,3.63,14500000000,703000000,27700000,3410000,32100000,5370000,73700000,1.71E+14,0,W40x431
H_SC_W1000x591,409,1040,55.9,31,30,75500,591,3.61,13300000000,641000000,25600000,3130000,29500000,4920000,59100000,1.55E+14,0,W40x397
H_SC_W1000x554,409,1030,52.1,29.5,29.9,71000,554,3.58,12300000000,591000000,23900000,2900000,27500000,4540000,48300000,1.42E+14,0,W40x372
H_SC_W1000x539,406,1030,51.1,28.4,29.9,68400,539,3.58,12000000000,574000000,23300000,2830000,26900000,4420000,45400000,1.38E+14,0,W40x362
H_SC_W1000x483,404,1020,46,25.4,29.9,61500,483,3.56,10700000000,508000000,21000000,2510000,23900000,3920000,33000000,1.20E+14,0,W40x324
H_SC_W1000x443,401,1010,41.9,23.6,30,56300,443,3.53,9660000000,454000000,19200000,2260000,21800000,3520000,25500000,1.07E+14,0,W40x297
H_SC_W1000x412,401,1010,40.1,21.1,30,52600,412,3.53,9120000000,433000000,18000000,2160000,20500000,3340000,21400000,1.02E+14,0,W40x277
H_SC_W1000x371,401,1000,36.1,19.1,29.9,47400,371,3.51,8160000000,385000000,16300000,1930000,18400000,2980000,15900000,8.97E+13,0,W40x249
H_SC_W1000x321,401,991,31,16.5,30,41000,321,3.51,6950000000,334000000,14100000,1660000,15800000,2560000,10300000,7.63E+13,0,W40x215
H_SC_W1000x296,401,983,27.2,16.5,30,37900,296,3.48,6200000000,289000000,12600000,1450000,14200000,2250000,7620000,6.61E+13,0,W40x199
H_SC_W1000x584,315,1060,64,36.1,30,74800,584,3.25,12400000000,334000000,23600000,2130000,28000000,3470000,71600000,8.22E+13,0,W40x392
H_SC_W1000x494,310,1040,54.1,31,30,63000,494,3.2,10300000000,268000000,19800000,1740000,23400000,2820000,43700000,6.47E+13,0,W40x331
H_SC_W1000x486,307,1040,54.1,30,30,61900,486,3.2,10200000000,266000000,19700000,1720000,23100000,2790000,42900000,6.42E+13,0,W40x327
H_SC_W1000x438,305,1030,49,26.9,30,55600,438,3.18,9120000000,234000000,17700000,1530000,20800000,2460000,31900000,5.59E+13,0,W40x294
H_SC_W1000x415,305,1020,46,26.2,29.9,53100,415,3.15,8530000000,217000000,16700000,1430000,19500000,2290000,27100000,5.16E+13,0,W40x278
H_SC_W1000x393,302,1020,43.9,24.4,30,49900,393,3.15,8070000000,205000000,15900000,1350000,18500000,2160000,23400000,4.86E+13,0,W40x264
H_SC_W1000x350,302,1010,40.1,21.1,30,44600,350,3.12,7240000000,185000000,14300000,1220000,16600000,1930000,17200000,4.32E+13,0,W40x235
H_SC_W1000x314,300,1000,36.1,19.1,29.9,40100,314,3.1,6450000000,162000000,12900000,1080000,14800000,1720000,12700000,3.79E+13,0,W40x211
H_SC_W1000x272,300,991,30.5,16.5,30,34400,272,3.1,5490000000,138000000,11100000,918000,12700000,1450000,8030000,3.17E+13,0,W40x183
H_SC_W1000x249,300,980,26.2,16.5,29.9,31800,249,3.07,4830000000,118000000,9830000,785000,11400000,1250000,5830000,2.68E+13,0,W40x167
H_SC_W1000x222,300,970,21.1,16,30,28300,222,3.05,4080000000,95300000,8410000,636000,9800000,1020000,3900000,2.15E+13,0,W40x149
H_SC_W920x970,447,1040,89.9,50,24.1,124000,970,3.73,21100000000,1340000000,40300000,6010000,47700000,9520000,247000000,3.03E+14,0,W36x652
H_SC_W920x787,437,1010,73.9,40.9,24.1,101000,787,3.66,16500000000,1040000000,32600000,4740000,38200000,7440000,136000000,2.27E+14,0,W36x529
H_SC_W920x725,434,998,68.1,38.1,24.1,92300,725,3.61,15000000000,937000000,30000000,4310000,34900000,6750000,107000000,2.02E+14,0,W36x487
H_SC_W920x656,432,988,62,34.5,24.1,83900,656,3.58,13400000000,828000000,27000000,3850000,31300000,6030000,80700000,1.78E+14,0,W36x441
H_SC_W920x588,427,975,55.9,31,24.1,74800,588,3.56,11900000000,728000000,24400000,3410000,28000000,5330000,59100000,1.54E+14,0,W36x395
H_SC_W920x537,424,965,51.1,28.4,24.1,68400,537,3.53,10700000000,653000000,22100000,3080000,25400000,4800000,45400000,1.37E+14,0,W36x361
H_SC_W920x491,422,958,47,25.9,24.1,62500,491,3.51,9700000000,591000000,20300000,2800000,23100000,4340000,35100000,1.22E+14,0,W36x330
H_SC_W920x449,424,947,42.7,24,24.1,57400,449,3.51,8780000000,541000000,18500000,2560000,21000000,3950000,26800000,1.11E+14,0,W36x302
H_SC_W920x420,422,942,39.9,22.5,24.1,53500,420,3.48,8160000000,499000000,17200000,2360000,19500000,3650000,21900000,1.02E+14,0,W36x282
H_SC_W920x390,422,937,36.6,21.3,24.1,49800,390,3.48,7450000000,454000000,15900000,2160000,18000000,3340000,17300000,9.18E+13,0,W36x262
H_SC_W920x368,419,932,34.3,20.3,24.1,46800,368,3.45,6950000000,420000000,15000000,2020000,16900000,3110000,14400000,8.49E+13,0,W36x247
H_SC_W920x344,419,927,32,19.3,24.1,44000,344,3.45,6490000000,391000000,14000000,1870000,15800000,2880000,11900000,7.84E+13,0,W36x231
H_SC_W920x381,310,951,43.9,24.4,19.1,48600,381,3.05,6990000000,220000000,14700000,1420000,17000000,2250000,22000000,4.51E+13,0,W36x256
H_SC_W920x345,307,943,39.9,22.1,19,43900,345,3.05,6240000000,195000000,13300000,1270000,15300000,2000000,16500000,3.97E+13,0,W36x232
H_SC_W920x313,310,932,34.5,21.1,19.1,39900,313,3.02,5490000000,171000000,11800000,1110000,13700000,1750000,11700000,3.44E+13,0,W36x210
H_SC_W920x289,307,927,32,19.4,19.1,36800,289,3.02,5040000000,156000000,10900000,1010000,12600000,1600000,9240000,3.12E+13,0,W36x194
H_SC_W920x271,307,922,30,18.4,19,34600,271,3,4700000000,144000000,10200000,944000,11800000,1490000,7700000,2.87E+13,0,W36x182
H_SC_W920x253,305,919,27.9,17.3,19.1,32300,253,3,4370000000,133000000,9520000,872000,10900000,1370000,6290000,2.65E+13,0,W36x170
H_SC_W920x238,305,914,25.9,16.5,19.1,30300,238,2.97,4060000000,123000000,8880000,805000,10200000,1270000,5160000,2.42E+13,0,W36x160
H_SC_W920x223,305,912,23.9,15.9,19,28600,223,2.97,3760000000,112000000,8260000,739000,9520000,1160000,4200000,2.21E+13,0,W36x150
H_SC_W920x201,305,904,20.1,15.2,19,25700,201,2.97,3250000000,93700000,7190000,618000,8340000,978000,2910000,1.83E+13,0,W36x135
H_SC_W840x576,411,914,57.9,32,20.1,73500,576,3.38,10100000000,674000000,22100000,3280000,25600000,5110000,61600000,1.23E+14,0,W33x387
H_SC_W840x527,409,904,53.1,29.5,20.1,67100,527,3.35,9160000000,608000000,20300000,2970000,23300000,4620000,47900000,1.10E+14,0,W33x354
H_SC_W840x473,406,894,48,26.4,20.1,60500,473,3.33,8120000000,537000000,18200000,2640000,20800000,4100000,35100000,9.59E+13,0,W33x318
H_SC_W840x433,404,884,43.9,24.4,20.1,55200,433,3.3,7370000000,483000000,16700000,2390000,19000000,3700000,27100000,8.57E+13,0,W33x291
H_SC_W840x392,401,876,39.9,22.1,20,49900,392,3.28,6620000000,433000000,15100000,2150000,17000000,3310000,20300000,7.55E+13,0,W33x263
H_SC_W840x359,404,869,35.6,21.1,20,45900,359,3.28,5910000000,388000000,13600000,1930000,15400000,2980000,15100000,6.74E+13,0,W33x241
H_SC_W840x329,401,861,32.5,19.7,19.8,42100,329,3.25,5370000000,350000000,12400000,1740000,14000000,2690000,11600000,6.02E+13,0,W33x221
H_SC_W840x299,399,856,29.2,18.2,20.1,38100,299,3.23,4830000000,312000000,11200000,1560000,12700000,2410000,8660000,5.32E+13,0,W33x201
H_SC_W840x251,292,859,31,17,17.8,31900,251,2.82,3870000000,129000000,9000000,883000,10300000,1380000,7370000,2.21E+13,0,W33x169
H_SC_W840x226,295,851,26.9,16.1,17.8,29000,226,2.82,3400000000,114000000,7980000,773000,9160000,1210000,5160000,1.93E+13,0,W33x152
H_SC_W840x210,292,846,24.4,15.4,17.8,26800,210,2.79,3100000000,102000000,7340000,700000,8420000,1100000,4040000,1.73E+13,0,W33x141
H_SC_W840x193,292,841,21.7,14.7,17.9,24700,193,2.79,2790000000,90700000,6650000,621000,7650000,975000,3070000,1.52E+13,0,W33x130
H_SC_W840x176,292,836,18.8,14,17.8,22400,176,2.77,2460000000,77800000,5880000,534000,6800000,841000,2210000,1.30E+13,0,W33x118
H_SC_W760x582,396,843,62,34.5,20,74200,582,3.18,8620000000,645000000,20500000,3240000,23800000,5080000,72000000,9.83E+13,0,W30x391
H_SC_W760x531,394,833,56.9,31.5,20.1,67700,531,3.15,7780000000,579000000,18700000,2930000,21600000,4570000,55800000,8.70E+13,0,W30x357
H_SC_W760x484,391,823,52.1,29,20,61900,484,3.12,6990000000,516000000,17000000,2650000,19500000,4130000,42900000,7.71E+13,0,W30x326
H_SC_W760x434,389,813,47,25.9,20.1,55500,434,3.1,6200000000,458000000,15200000,2360000,17400000,3650000,31300000,6.71E+13,0,W30x292
H_SC_W760x389,386,803,41.9,23.6,20.1,49700,389,3.07,5450000000,399000000,13600000,2080000,15500000,3210000,22500000,5.77E+13,0,W30x261
H_SC_W760x350,384,795,38.1,21.1,20.1,44700,350,3.05,4870000000,356000000,12300000,1870000,13900000,2870000,16800000,5.10E+13,0,W30x235
H_SC_W760x314,384,785,33.5,19.7,19.8,40200,314,3.02,4290000000,315000000,10900000,1640000,12300000,2540000,11800000,4.46E+13,0,W30x211
H_SC_W760x284,381,780,30.2,18,19.8,36200,284,3.02,3830000000,280000000,9830000,1470000,11100000,2260000,8740000,3.92E+13,0,W30x191
H_SC_W760x257,381,772,27.2,16.6,19.8,32800,257,3,3430000000,249000000,8870000,1310000,9950000,2020000,6490000,3.46E+13,0,W30x173
H_SC_W760x220,267,780,30,16.5,16.5,28100,220,2.57,2780000000,94500000,7140000,710000,8190000,1110000,6040000,1.33E+13,0,W30x148
H_SC_W760x196,267,770,25.4,15.6,16.5,25000,196,2.54,2400000000,81600000,6230000,610000,7160000,957000,4050000,1.13E+13,0,W30x132
H_SC_W760x185,267,767,23.6,14.9,16.5,23500,185,2.54,2230000000,75300000,5820000,564000,6690000,885000,3330000,1.04E+13,0,W30x124
H_SC_W760x173,267,762,21.6,14.4,16.5,22100,173,2.53,2050000000,68300000,5390000,513000,6190000,806000,2680000,9.37E+12,0,W30x116
H_SC_W760x161,267,757,19.3,13.8,16.5,20500,161,2.52,1860000000,60800000,4900000,457000,5670000,719000,2080000,8.30E+12,0,W30x108
H_SC_W760x147,267,754,17,13.2,16.5,18700,147,2.52,1660000000,53300000,4410000,401000,5110000,633000,1570000,7.20E+12,0,W30x99
H_SC_W760x134,264,749,15.5,11.9,16.5,17000,134,2.5,1500000000,47900000,4010000,362000,4640000,569000,1180000,6.44E+12,0,W30x90
H_SC_W690x802,389,826,89.9,50,20.1,103000,802,3.07,10700000000,878000000,25700000,4540000,31000000,7160000,206000000,1.19E+14,0,W27x539
H_SC_W690x548,373,772,63,35.1,20.1,70300,548,2.92,6740000000,545000000,17400000,2930000,20300000,4570000,70800000,6.85E+13,0,W27x368
H_SC_W690x500,371,762,57.9,32,20.1,64000,500,2.92,6080000000,491000000,15900000,2650000,18500000,4130000,54500000,6.07E+13,0,W27x336
H_SC_W690x457,366,752,53.1,29.5,20.1,58200,457,2.87,5450000000,437000000,14500000,2390000,16900000,3720000,42000000,5.34E+13,0,W27x307
H_SC_W690x419,366,744,49,26.9,20.1,53600,419,2.87,4950000000,397000000,13300000,2180000,15300000,3380000,33100000,4.78E+13,0,W27x281
H_SC_W690x384,363,737,45,24.9,20,49100,384,2.84,4500000000,358000000,12200000,1970000,14000000,3060000,25600000,4.27E+13,0,W27x258
H_SC_W690x350,361,729,40.9,23.1,20.1,44800,350,2.82,4040000000,320000000,11100000,1770000,12700000,2750000,19600000,3.79E+13,0,W27x235
H_SC_W690x323,358,721,38.1,21.1,20.1,41200,323,2.79,3710000000,293000000,10300000,1640000,11700000,2520000,15700000,3.44E+13,0,W27x217
H_SC_W690x289,356,714,34,19.1,20.1,36800,289,2.77,3270000000,258000000,9160000,1440000,10300000,2230000,11300000,2.98E+13,0,W27x194
H_SC_W690x265,358,706,30.2,18.4,20.1,33900,265,2.77,2920000000,231000000,8280000,1290000,9340000,2000000,8370000,2.64E+13,0,W27x178
H_SC_W690x240,356,701,27.4,16.8,20.1,30700,240,2.77,2630000000,207000000,7510000,1160000,8440000,1790000,6290000,2.34E+13,0,W27x161
H_SC_W690x217,356,696,24.8,15.4,19.9,27900,217,2.74,2360000000,184000000,6780000,1040000,7600000,1600000,4700000,2.07E+13,0,W27x146
H_SC_W690x192,254,701,27.9,15.5,15.3,24400,192,2.36,1980000000,76600000,5650000,603000,6470000,944000,4620000,8.73E+12,0,W27x129
H_SC_W690x170,257,693,23.6,14.5,15.3,21700,170,2.36,1700000000,66200000,4900000,516000,5620000,808000,3050000,7.41E+12,0,W27x114
H_SC_W690x152,254,688,21.1,13.1,15.2,19400,152,2.34,1510000000,57900000,4380000,456000,5000000,711000,2200000,6.44E+12,0,W27x102
H_SC_W690x140,254,683,18.9,12.4,15.1,17800,140,2.33,1360000000,51600000,3980000,406000,4560000,636000,1680000,5.72E+12,0,W27x94
H_SC_W690x125,254,678,16.3,11.7,15.2,15900,125,2.32,1190000000,44100000,3490000,347000,4000000,544000,1170000,4.81E+12,0,W27x84
H_SC_W610x551,348,711,69.1,38.6,12.7,70300,551,2.72,5580000000,483000000,15700000,2790000,18500000,4380000,83700000,4.99E+13,0,W24x370
H_SC_W610x498,343,699,63,35.1,12.7,63400,498,2.67,4950000000,429000000,14200000,2490000,16700000,3900000,63300000,4.32E+13,0,W24x335
H_SC_W610x455,340,688,57.9,32,12.7,57900,455,2.64,4450000000,383000000,12900000,2250000,15100000,3510000,48700000,3.81E+13,0,W24x306
H_SC_W610x415,338,678,53.1,29.5,12.7,52800,415,2.62,4000000000,343000000,11800000,2030000,13700000,3160000,37700000,3.36E+13,0,W24x279
H_SC_W610x372,335,668,48,26.4,12.7,47400,372,2.59,3530000000,301000000,10600000,1800000,12200000,2800000,27700000,2.90E+13,0,W24x250
H_SC_W610x341,333,660,43.9,24.4,12.7,43400,341,2.59,3180000000,271000000,9640000,1630000,11100000,2520000,21400000,2.58E+13,0,W24x229
H_SC_W610x307,330,653,39.9,22.1,12.7,39200,307,2.57,2840000000,241000000,8700000,1460000,9930000,2250000,15900000,2.26E+13,0,W24x207
H_SC_W610x285,330,648,37.1,20.6,12.7,36500,285,2.57,2610000000,221000000,8050000,1340000,9160000,2060000,12800000,2.05E+13,0,W24x192
H_SC_W610x262,328,640,34,19.1,12.7,33400,262,2.53,2360000000,199000000,7370000,1220000,8370000,1880000,9950000,1.84E+13,0,W24x176
H_SC_W610x241,330,635,31,17.9,12.7,30800,241,2.53,2150000000,184000000,6780000,1120000,7670000,1720000,7700000,1.68E+13,0,W24x162
H_SC_W610x217,328,627,27.7,16.5,12.7,27700,217,2.51,1910000000,163000000,6080000,991000,6850000,1530000,5580000,1.47E+13,0,W24x146
H_SC_W610x195,328,622,24.4,15.4,12.7,24900,195,2.5,1670000000,142000000,5390000,869000,6060000,1340000,3950000,1.26E+13,0,W24x131
H_SC_W610x174,325,617,21.6,14,12.7,22200,174,2.48,1470000000,124000000,4770000,762000,5360000,1170000,2800000,1.10E+13,0,W24x117
H_SC_W610x155,325,612,19.1,12.7,12.7,19800,155,2.48,1290000000,108000000,4230000,667000,4740000,1020000,1960000,9.45E+12,0,W24x104
H_SC_W610x153,229,622,24.9,14,12.7,19500,153,2.11,1250000000,49500000,4010000,434000,4590000,680000,2940000,4.46E+12,0,W24x103
H_SC_W610x140,230,617,22.2,13.1,12.9,17900,140,2.11,1120000000,45400000,3640000,393000,4160000,615000,2190000,4.03E+12,0,W24x94
H_SC_W610x125,229,612,19.6,11.9,12.7,15900,125,2.1,986000000,39300000,3210000,342000,3670000,534000,1540000,3.44E+12,0,W24x84
H_SC_W610x113,228,607,17.3,11.2,12.7,14500,113,2.08,874000000,34300000,2880000,302000,3280000,469000,1120000,2.98E+12,0,W24x76
H_SC_W610x101,228,602,14.9,10.5,12.8,13000,101,2.07,762000000,29300000,2520000,257000,2900000,401000,778000,2.53E+12,0,W24x68
H_SC_W610x92,179,602,15,10.9,12.7,11700,92,1.87,645000000,14400000,2150000,161000,2510000,257000,712000,1.24E+12,0,W24x62
H_SC_W610x82,178,599,12.8,10,12.9,10500,82,1.87,562000000,12100000,1870000,136000,2200000,218000,491000,1.04E+12,0,W24x55
H_SC_W530x300,320,584,41.4,23.1,12.7,38300,300,2.38,2210000000,226000000,7550000,1410000,8690000,2180000,17000000,1.66E+13,0,W21x201
H_SC_W530x272,318,577,37.6,21.1,12.7,34600,272,2.36,1970000000,201000000,6830000,1270000,7800000,1950000,12800000,1.46E+13,0,W21x182
H_SC_W530x248,315,572,34.5,19.1,12.7,31500,248,2.34,1780000000,181000000,6230000,1150000,7080000,1770000,9820000,1.30E+13,0,W21x166
H_SC_W530x219,318,561,29.2,18.3,12.7,27900,219,2.33,1510000000,157000000,5390000,985000,6110000,1520000,6410000,1.10E+13,0,W21x147
H_SC_W530x196,315,554,26.4,16.5,12.7,25000,196,2.31,1340000000,139000000,4830000,877000,5460000,1350000,4700000,9.67E+12,0,W21x132
H_SC_W530x182,315,551,24.4,15.2,12.7,23200,182,2.31,1230000000,127000000,4470000,806000,5030000,1240000,3740000,8.78E+12,0,W21x122
H_SC_W530x165,312,546,22.2,14,12.9,21000,165,2.29,1110000000,114000000,4080000,729000,4570000,1120000,2840000,7.84E+12,0,W21x111
H_SC_W530x150,312,544,20.3,12.7,12.7,19200,150,2.29,1010000000,103000000,3720000,660000,4150000,1010000,2170000,7.04E+12,0,W21x101
H_SC_W530x138,214,549,23.6,14.7,12.7,17600,138,1.9,862000000,38700000,3150000,362000,3620000,569000,2510000,2.67E+12,0,W21x93
H_SC_W530x123,212,544,21.2,13.1,12.8,15700,123,1.89,762000000,33900000,2800000,320000,3210000,500000,1810000,2.32E+12,0,W21x83
H_SC_W530x109,211,538,18.8,11.6,12.7,13900,109,1.87,666000000,29400000,2470000,279000,2820000,436000,1260000,1.99E+12,0,W21x73
H_SC_W530x101,210,536,17.4,10.9,12.8,12900,101,1.87,616000000,26900000,2290000,257000,2620000,400000,1020000,1.82E+12,0,W21x68
H_SC_W530x92,209,533,15.6,10.2,12.8,11800,92,1.86,554000000,23900000,2080000,229000,2360000,356000,762000,1.60E+12,0,W21x62
H_SC_W530x82,209,528,13.3,9.53,12.6,10500,82,1.85,475000000,20100000,1800000,193000,2060000,302000,516000,1.34E+12,0,W21x55
H_SC_W530x72,207,523,10.9,8.89,12.7,9100,72,1.83,399000000,16100000,1520000,156000,1750000,244000,334000,1.06E+12,0,W21x48
H_SC_W530x85,167,536,16.5,10.3,12.7,10800,85,1.7,487000000,12700000,1820000,153000,2110000,243000,737000,8.57E+11,0,W21x57
H_SC_W530x74,166,528,13.6,9.65,12.8,9480,74,1.68,410000000,10400000,1550000,125000,1800000,200000,475000,6.90E+11,0,W21x50
H_SC_W530x66,165,526,11.4,8.89,12.7,8390,66,1.67,351000000,8620000,1340000,104000,1560000,167000,320000,5.67E+11,0,W21x44
H_SC_W460x464,305,566,69.6,38.6,12.7,59100,464,2.25,2900000000,331000000,10200000,2160000,12400000,3390000,73300000,2.05E+13,0,W18x311
H_SC_W460x421,302,556,63.5,35.6,12.7,53700,421,2.23,2570000000,293000000,9260000,1930000,11100000,3030000,55800000,1.77E+13,0,W18x283
H_SC_W460x384,300,546,58.4,32.5,10.2,49000,384,2.21,2290000000,261000000,8420000,1750000,10000000,2720000,42900000,1.55E+13,0,W18x258
H_SC_W460x349,297,536,53.6,29.5,10.2,44300,349,2.18,2040000000,232000000,7640000,1570000,9000000,2440000,32800000,1.35E+13,0,W18x234
H_SC_W460x315,295,526,48.5,26.9,10.2,40200,315,2.16,1800000000,205000000,6870000,1400000,8030000,2160000,24400000,1.17E+13,0,W18x211
H_SC_W460x286,292,518,44.5,24.4,10.1,36300,286,2.14,1610000000,183000000,6230000,1260000,7240000,1950000,18600000,1.02E+13,0,W18x192
H_SC_W460x260,290,508,40.4,22.6,10.1,33200,260,2.11,1440000000,163000000,5640000,1130000,6520000,1740000,14100000,8.94E+12,0,W18x175
H_SC_W460x235,287,500,36.6,20.6,10.1,29900,235,2.09,1270000000,144000000,5080000,1010000,5830000,1550000,10500000,7.79E+12,0,W18x158
H_SC_W460x213,284,495,33.5,18.5,10.2,27100,213,2.07,1140000000,129000000,4620000,909000,5280000,1400000,7990000,6.90E+12,0,W18x143
H_SC_W460x193,284,490,30.5,17,10.1,24700,193,2.07,1020000000,116000000,4200000,818000,4750000,1260000,6040000,6.10E+12,0,W18x130
H_SC_W460x177,287,483,26.9,16.6,10.2,22600,177,2.06,912000000,105000000,3790000,736000,4290000,1130000,4410000,5.45E+12,0,W18x119
H_SC_W460x158,284,475,23.9,15,10.1,20100,158,2.04,795000000,91600000,3340000,646000,3770000,991000,3110000,4.67E+12,0,W18x106
H_SC_W460x144,282,472,22.1,13.6,10.2,18400,144,2.03,728000000,83700000,3080000,592000,3460000,906000,2440000,4.24E+12,0,W18x97
H_SC_W460x128,282,467,19.6,12.2,10.1,16300,128,2.02,637000000,72800000,2720000,518000,3050000,793000,1710000,3.65E+12,0,W18x86
H_SC_W460x113,279,462,17.3,10.8,10.1,14400,113,2,554000000,63300000,2390000,452000,2670000,692000,1180000,3.14E+12,0,W18x76
H_SC_W460x106,194,470,20.6,12.6,10.1,13500,106,1.67,487000000,25100000,2080000,259000,2390000,405000,1450000,1.26E+12,0,W18x71
H_SC_W460x97,193,467,19.1,11.4,10.1,12300,97,1.67,445000000,22800000,1920000,236000,2180000,369000,1140000,1.14E+12,0,W18x65
H_SC_W460x89,192,462,17.7,10.5,10.2,11400,89,1.65,410000000,20900000,1770000,218000,2020000,338000,903000,1.03E+12,0,W18x60
H_SC_W460x82,191,460,16,9.91,10.2,10500,82,1.65,370000000,18700000,1610000,195000,1840000,303000,691000,9.21E+11,0,W18x55
H_SC_W460x74,191,457,14.5,9.02,10.2,9480,74,1.64,333000000,16700000,1460000,175000,1660000,272000,516000,8.16E+11,0,W18x50
H_SC_W460x68,154,460,15.4,9.14,10.3,8710,68,1.5,296000000,9370000,1290000,122000,1490000,192000,508000,4.62E+11,0,W18x46
H_SC_W460x60,153,455,13.3,8,10.2,7610,60,1.49,255000000,7950000,1120000,104000,1280000,164000,337000,3.87E+11,0,W18x40
H_SC_W460x52,152,450,10.8,7.62,10.2,6650,52,1.48,212000000,6370000,944000,83900,1090000,132000,211000,3.06E+11,0,W18x35
H_SC_W410x149,264,432,25,14.9,10.3,19000,149,1.87,620000000,77400000,2870000,585000,3240000,900000,3220000,3.20E+12,0,W16x100
H_SC_W410x132,264,427,22.2,13.3,10.3,16900,132,1.87,541000000,67800000,2540000,515000,2870000,788000,2270000,2.74E+12,0,W16x89
H_SC_W410x114,262,419,19.3,11.6,10.2,14600,114,1.84,462000000,57400000,2200000,441000,2460000,674000,1490000,2.31E+12,0,W16x77
H_SC_W410x100,259,414,16.9,10,10.3,12600,100,1.83,397000000,49500000,1920000,380000,2130000,582000,995000,1.96E+12,0,W16x67
H_SC_W410x85,181,417,18.2,10.9,10.2,10800,85,1.52,316000000,17900000,1510000,198000,1720000,310000,924000,7.14E+11,0,W16x57
H_SC_W410x75,180,414,16,9.65,10.2,9480,75,1.51,274000000,15500000,1330000,172000,1510000,267000,633000,6.10E+11,0,W16x50
H_SC_W410x67,179,409,14.4,8.76,10.2,8580,67,1.5,244000000,13700000,1190000,153000,1350000,238000,462000,5.34E+11,0,W16x45
H_SC_W410x60,178,406,12.8,7.75,10.2,7610,60,1.49,216000000,12000000,1060000,135000,1200000,208000,330000,4.65E+11,0,W16x40
H_SC_W410x53,178,404,10.9,7.49,10.2,6840,53,1.49,186000000,10200000,926000,115000,1050000,177000,227000,3.92E+11,0,W16x36
H_SC_W410x46.1,140,404,11.2,6.99,10.2,5890,46.1,1.34,156000000,5160000,773000,73600,885000,115000,192000,1.98E+11,0,W16x31
H_SC_W410x38.8,140,399,8.76,6.35,10.24,4950,38.8,1.33,125000000,3990000,629000,57200,724000,89800,109000,1.52E+11,0,W16x26
H_SC_W360x1086,455,569,125,78,15,139000,1090,2.77,5950000000,1960000000,21000000,8640000,27200000,13400000,604000000,9.72E+13,0,W14x730
H_SC_W360x990,450,549,115,71.9,15,126000,990,2.72,5160000000,1740000000,18800000,7730000,24300000,12000000,466000000,8.19E+13,0,W14x665
H_SC_W360x900,442,531,106,66,15,115000,900,2.67,4500000000,1530000000,17000000,6930000,21600000,10700000,362000000,6.93E+13,0,W14x605
H_SC_W360x818,437,513,97,60.5,15,105000,818,2.62,3930000000,1350000000,15300000,6190000,19300000,9550000,278000000,5.88E+13,0,W14x550
H_SC_W360x744,432,498,88.9,55.6,15.1,94800,744,2.59,3420000000,1200000000,13700000,5560000,17200000,8550000,214000000,5.02E+13,0,W14x500
H_SC_W360x677,427,483,81.5,51.3,15.3,86500,677,2.54,2990000000,1070000000,12400000,4980000,15300000,7670000,164000000,4.30E+13,0,W14x455
H_SC_W360x634,424,475,77.2,47.8,15,80600,634,2.52,2750000000,982000000,11600000,4640000,14200000,7110000,138000000,3.87E+13,0,W14x426
H_SC_W360x592,422,465,72.4,45,15,75500,592,2.5,2500000000,903000000,10700000,4290000,13100000,6590000,114000000,3.46E+13,0,W14x398
H_SC_W360x551,419,455,67.6,42.2,15.2,70300,551,2.48,2260000000,828000000,9950000,3950000,12100000,6060000,92400000,3.12E+13,0,W14x370
H_SC_W360x509,417,445,62.7,39.1,15.3,65200,509,2.45,2040000000,753000000,9140000,3620000,11000000,5540000,74100000,2.77E+13,0,W14x342
H_SC_W360x463,411,434,57.4,35.8,15.2,59000,463,2.42,1800000000,670000000,8290000,3260000,9880000,4980000,56600000,2.39E+13,0,W14x311
H_SC_W360x421,409,424,52.6,32.8,15.2,53700,421,2.39,1600000000,599000000,7520000,2930000,8880000,4490000,43300000,2.09E+13,0,W14x283
H_SC_W360x382,406,417,48,30,15.2,48800,382,2.37,1420000000,537000000,6800000,2640000,7980000,4030000,32900000,1.82E+13,0,W14x257
H_SC_W360x347,404,406,43.7,27.2,15.2,44200,347,2.35,1250000000,479000000,6150000,2380000,7140000,3620000,24800000,1.58E+13,0,W14x233
H_SC_W360x314,401,399,39.6,24.9,15.3,40000,314,2.33,1110000000,429000000,5540000,2130000,6390000,3240000,18600000,1.38E+13,0,W14x211
H_SC_W360x287,399,394,36.6,22.6,15.2,36600,287,2.31,999000000,388000000,5080000,1950000,5820000,2950000,14500000,1.23E+13,0,W14x193
H_SC_W360x262,399,386,33.3,21.1,15.2,33400,262,2.3,891000000,349000000,4600000,1750000,5240000,2670000,11000000,1.09E+13,0,W14x176
H_SC_W360x237,396,381,30.2,18.9,15.3,30100,237,2.28,791000000,311000000,4160000,1580000,4700000,2390000,8200000,9.56E+12,0,W14x159
H_SC_W360x216,394,376,27.7,17.3,15.2,27500,216,2.27,712000000,282000000,3800000,1430000,4260000,2180000,6330000,8.51E+12,0,W14x145
H_SC_W360x196,373,373,26.2,16.4,15.2,25000,196,2.18,637000000,228000000,3420000,1220000,3830000,1850000,5120000,6.85E+12,0,W14x132
H_SC_W360x179,373,368,23.9,15,15.2,22800,179,2.17,574000000,206000000,3110000,1110000,3470000,1670000,3900000,6.10E+12,0,W14x120
H_SC_W360x162,371,363,21.8,13.3,15.3,20600,162,2.16,516000000,186000000,2830000,1000000,3150000,1520000,2960000,5.42E+12,0,W14x109
H_SC_W360x147,371,361,19.8,12.3,15.3,18800,147,2.15,462000000,167000000,2570000,905000,2830000,1370000,2240000,4.83E+12,0,W14x99
H_SC_W360x134,368,356,18,11.2,15.3,17100,134,2.14,416000000,151000000,2340000,818000,2570000,1240000,1690000,4.30E+12,0,W14x90
H_SC_W360x122,257,363,21.7,13,15.1,15500,122,1.7,367000000,61600000,2020000,480000,2280000,734000,2110000,1.80E+12,0,W14x82
H_SC_W360x110,257,361,19.9,11.4,15.2,14100,110,1.7,331000000,55800000,1840000,436000,2060000,664000,1610000,1.61E+12,0,W14x74
H_SC_W360x101,254,356,18.3,10.5,15,12900,101,1.68,301000000,50400000,1690000,397000,1880000,605000,1250000,1.44E+12,0,W14x68
H_SC_W360x91,254,353,16.4,9.53,15.1,11500,91,1.68,266000000,44500000,1510000,352000,1670000,537000,912000,1.26E+12,0,W14x61
H_SC_W360x79,205,353,16.8,9.4,15,10100,79,1.48,225000000,24000000,1270000,234000,1430000,361000,807000,6.82E+11,0,W14x53
H_SC_W360x72,204,351,15.1,8.64,15.1,9100,72,1.47,201000000,21400000,1150000,210000,1280000,321000,604000,6.02E+11,0,W14x48
H_SC_W360x64,203,348,13.5,7.75,14.9,8130,64,1.47,178000000,18800000,1030000,185000,1140000,283000,437000,5.24E+11,0,W14x43
H_SC_W360x57.8,172,358,13.1,7.87,10.1,7230,57.8,1.37,160000000,11100000,895000,129000,1010000,198000,332000,3.30E+11,0,W14x38
H_SC_W360x51,171,356,11.6,7.24,10.1,6450,51,1.36,142000000,9700000,796000,113000,895000,174000,237000,2.87E+11,0,W14x34
H_SC_W360x44,171,351,9.78,6.86,10.12,5710,44,1.35,121000000,8160000,688000,95400,775000,147000,158000,2.38E+11,0,W14x30
H_SC_W360x39,128,353,10.7,6.48,10.1,4960,39,1.19,102000000,3710000,578000,58200,659000,90800,149000,1.09E+11,0,W14x26
H_SC_W360x32.9,127,348,8.51,5.84,10.19,4190,32.9,1.18,82800000,2910000,475000,45900,544000,71900,86600,84300000000,0,W14x22
H_SC_W310x500,340,427,75.2,45.2,15,63800,500,2.1,1690000000,495000000,7910000,2900000,9880000,4490000,101000000,1.53E+13,0,W12x336
H_SC_W310x454,335,414,68.8,41.4,15,57700,454,2.06,1480000000,437000000,7130000,2610000,8800000,4000000,77000000,1.31E+13,0,W12x305
H_SC_W310x415,333,404,62.7,38.9,15.3,52800,415,2.03,1290000000,390000000,6440000,2340000,7880000,3610000,59500000,1.13E+13,0,W12x279
H_SC_W310x375,330,391,57.2,35.6,15.2,47800,375,2.01,1130000000,345000000,5780000,2080000,7010000,3210000,45000000,9.61E+12,0,W12x252
H_SC_W310x342,328,384,52.6,32.8,15.2,43700,342,1.99,1010000000,309000000,5260000,1880000,6330000,2900000,34900000,8.38E+12,0,W12x230
H_SC_W310x313,325,373,48.3,30,15.2,39900,313,1.96,891000000,276000000,4790000,1700000,5700000,2610000,26900000,7.30E+12,0,W12x210
H_SC_W310x283,323,366,44.2,26.9,15,36100,283,1.94,787000000,245000000,4310000,1520000,5100000,2340000,20300000,6.34E+12,0,W12x190
H_SC_W310x253,320,356,39.6,24.4,15.3,32300,253,1.92,687000000,215000000,3850000,1350000,4510000,2060000,14800000,5.40E+12,0,W12x170
H_SC_W310x226,318,348,35.6,22.1,15.2,28800,226,1.89,595000000,189000000,3420000,1190000,3980000,1820000,10700000,4.62E+12,0,W12x152
H_SC_W310x202,315,340,31.8,20.1,15.2,25700,202,1.87,516000000,166000000,3050000,1050000,3510000,1610000,7700000,3.95E+12,0,W12x136
H_SC_W310x179,312,333,28.2,18,15,22700,179,1.85,445000000,144000000,2670000,918000,3050000,1400000,5370000,3.33E+12,0,W12x120
H_SC_W310x158,310,328,25.1,15.5,15.3,20100,158,1.84,388000000,125000000,2380000,808000,2690000,1230000,3800000,2.87E+12,0,W12x106
H_SC_W310x143,310,323,22.9,14,15.2,18200,143,1.83,347000000,112000000,2150000,728000,2410000,1110000,2850000,2.53E+12,0,W12x96
H_SC_W310x129,307,318,20.6,13.1,15.2,16500,129,1.81,308000000,100000000,1930000,651000,2160000,990000,2120000,2.22E+12,0,W12x87
H_SC_W310x117,307,315,18.7,11.9,15.1,15000,117,1.81,276000000,89900000,1750000,587000,1950000,890000,1600000,1.97E+12,0,W12x79
H_SC_W310x107,305,312,17,10.9,15.3,13600,107,1.8,248000000,81200000,1600000,531000,1770000,806000,1220000,1.76E+12,0,W12x72
H_SC_W310x97,305,307,15.4,9.91,15.1,12300,97,1.79,222000000,72400000,1440000,477000,1590000,723000,907000,1.55E+12,0,W12x65
H_SC_W310x86,254,310,16.3,9.14,15.2,11000,86,1.59,198000000,44500000,1280000,351000,1420000,533000,874000,9.59E+11,0,W12x58
H_SC_W310x79,254,307,14.6,8.76,15.4,10100,79,1.59,177000000,39900000,1160000,315000,1280000,477000,658000,8.49E+11,0,W12x53
H_SC_W310x74,205,310,16.3,9.4,12.7,9420,74,1.4,163000000,23400000,1050000,228000,1180000,349000,712000,5.05E+11,0,W12x50
H_SC_W310x67,204,307,14.6,8.51,12.8,8450,67,1.39,145000000,20800000,946000,203000,1050000,311000,524000,4.43E+11,0,W12x45
H_SC_W310x60,203,302,13.1,7.49,12.8,7550,60,1.38,128000000,18400000,844000,180000,934000,275000,377000,3.87E+11,0,W12x40
H_SC_W310x52,167,318,13.2,7.62,7.6,6650,52,1.27,119000000,10200000,747000,122000,839000,188000,308000,2.36E+11,0,W12x35
H_SC_W310x44.5,166,312,11.2,6.6,7.6,5670,44.5,1.26,99100000,8450000,633000,102000,706000,157000,190000,1.93E+11,0,W12x30
H_SC_W310x38.7,165,310,9.65,5.84,7.65,4940,38.7,1.25,84900000,7200000,547000,87500,610000,134000,125000,1.63E+11,0,W12x26
H_SC_W310x32.7,102,312,10.8,6.6,7.6,4180,32.7,1.01,64900000,1940000,416000,37900,480000,60000,122000,44000000000,0,W12x22
H_SC_W310x28.3,102,310,8.89,5.97,7.61,3590,28.3,1,54100000,1570000,349000,30800,405000,48800,74900,35200000000,0,W12x19
H_SC_W310x23.8,101,305,6.73,5.59,7.67,3040,23.8,0.991,42900000,1170000,280000,23100,329000,37000,42900,26000000000,0,W12x16
H_SC_W310x21,101,302,5.72,5.08,7.58,2680,21,0.986,36900000,982000,244000,19500,285000,31100,29300,21600000000,0,W12x14
H_SC_W250x167,264,290,31.8,19.2,12.7,21200,167,1.57,298000000,98200000,2060000,742000,2410000,1130000,6290000,1.62E+12,0,W10x112
H_SC_W250x149,262,282,28.4,17.3,12.7,18900,149,1.55,259000000,86200000,1840000,655000,2130000,1000000,4540000,1.38E+12,0,W10x100
H_SC_W250x131,262,274,25.1,15.4,12.7,16800,131,1.54,222000000,74500000,1610000,570000,1850000,870000,3130000,1.16E+12,0,W10x88
H_SC_W250x115,259,269,22.1,13.5,12.7,14600,115,1.53,189000000,64100000,1410000,493000,1600000,752000,2130000,9.75E+11,0,W10x77
H_SC_W250x101,257,264,19.6,11.9,12.7,12800,101,1.51,164000000,55800000,1240000,433000,1400000,657000,1480000,8.32E+11,0,W10x68
H_SC_W250x89,257,259,17.3,10.7,12.7,11400,89,1.5,142000000,48300000,1090000,377000,1220000,574000,1030000,7.09E+11,0,W10x60
H_SC_W250x80,254,257,15.6,9.4,12.8,10200,80,1.49,126000000,42900000,983000,338000,1090000,513000,758000,6.23E+11,0,W10x54
H_SC_W250x73,254,254,14.2,8.64,12.7,9290,73,1.49,113000000,38900000,895000,306000,990000,464000,579000,5.56E+11,0,W10x49
H_SC_W250x67,204,257,15.7,8.89,12.7,8580,67,1.29,103000000,22200000,805000,218000,900000,333000,629000,3.22E+11,0,W10x45
H_SC_W250x58,203,252,13.5,8,12.7,7420,58,1.28,87000000,18700000,690000,185000,767000,282000,406000,2.66E+11,0,W10x39
H_SC_W250x49.1,202,247,11,7.37,12.7,6260,49.1,1.27,71200000,15200000,574000,151000,636000,229000,243000,2.12E+11,0,W10x33
H_SC_W250x44.8,148,267,13,7.62,7.6,5700,44.8,1.09,70800000,6950000,531000,94200,600000,145000,259000,1.11E+11,0,W10x30
H_SC_W250x38.5,147,262,11.2,6.6,7.6,4910,38.5,1.08,59900000,5870000,457000,80100,513000,123000,167000,92600000000,0,W10x26
H_SC_W250x32.7,146,259,9.14,6.1,7.66,4190,32.7,1.08,49100000,4750000,380000,65100,426000,100000,99500,73800000000,0,W10x22
H_SC_W250x28.4,102,259,10,6.35,7.7,3630,28.4,0.902,40100000,1790000,308000,35100,354000,54900,97000,27900000000,0,W10x19
H_SC_W250x25.3,102,257,8.38,6.1,7.62,3220,25.3,0.894,34100000,1480000,265000,29200,306000,45900,64900,22900000000,0,W10x17
H_SC_W250x22.3,102,254,6.86,5.84,7.64,2850,22.3,0.889,28700000,1200000,226000,23800,262000,37700,43300,18300000000,0,W10x15
H_SC_W250x17.9,101,251,5.33,4.83,7.67,2280,17.9,0.881,22400000,907000,179000,18000,206000,28500,22800,13700000000,0,W10x12
H_SC_W200x100,210,229,23.7,14.5,10.1,12700,100,1.25,113000000,36900000,990000,351000,1150000,536000,2100000,3.87E+11,0,W8x67
H_SC_W200x86,209,222,20.6,13,9.9,11000,86,1.24,94900000,31300000,852000,300000,980000,457000,1390000,3.17E+11,0,W8x58
H_SC_W200x71,206,216,17.4,10.2,10,9100,71,1.22,76600000,25300000,708000,246000,803000,375000,816000,2.50E+11,0,W8x48
H_SC_W200x59,205,210,14.2,9.14,10,7550,59,1.2,60800000,20400000,582000,200000,652000,303000,466000,1.95E+11,0,W8x40
H_SC_W200x52,204,206,12.6,7.87,10,6650,52,1.19,52900000,17700000,511000,174000,569000,264000,320000,1.66E+11,0,W8x35
H_SC_W200x46.1,203,203,11,7.24,10.1,5890,46.1,1.19,45800000,15400000,451000,152000,498000,231000,223000,1.42E+11,0,W8x31
H_SC_W200x41.7,166,205,11.8,7.24,10,5320,41.7,1.04,40800000,9030000,398000,109000,446000,166000,224000,83800000000,0,W8x28
H_SC_W200x35.9,165,201,10.2,6.22,10,4570,35.9,1.03,34400000,7620000,342000,92300,379000,140000,144000,69600000000,0,W8x24
H_SC_W200x31.3,134,210,10.2,6.35,7.6,3970,31.3,0.93,31300000,4070000,298000,60800,334000,93200,117000,40800000000,0,W8x21
H_SC_W200x26.6,133,207,8.38,5.84,7.62,3390,26.6,0.922,25800000,3320000,249000,49800,279000,76400,71600,32800000000,0,W8x18
H_SC_W200x22.5,102,206,8,6.22,7.6,2860,22.5,0.795,20000000,1420000,193000,27900,223000,43800,57000,13900000000,0,W8x15
H_SC_W200x19.3,102,203,6.48,5.84,7.62,2480,19.3,0.787,16500000,1140000,162000,22500,187000,35200,36300,11000000000,0,W8x13
H_SC_W200x15,100,200,5.21,4.32,7.59,1910,15,0.78,12800000,870000,128000,17400,145000,27200,17700,8300000000,0,W8x10
H_SC_W150x37.1,154,162,11.6,8.13,6.3,4740,37.1,0.914,22200000,7120000,274000,91900,310000,140000,192000,40300000000,0,W6x25
H_SC_W150x29.8,153,157,9.27,6.6,6.33,3790,29.8,0.902,17200000,5540000,220000,72300,246000,110000,99900,30300000000,0,W6x20
H_SC_W150x22.5,152,152,6.6,5.84,6.4,2860,22.5,0.892,12100000,3880000,159000,51000,177000,77800,42000,20500000000,0,W6x15
H_SC_W150x24,102,160,10.3,6.6,6.3,3060,24,0.704,13400000,1840000,167000,36100,192000,55600,92800,10300000000,0,W6x16
H_SC_W150x18,102,153,7.11,5.84,6.39,2290,18,0.691,9200000,1240000,120000,24600,136000,38000,37600,6630000000,0,W6x12
H_SC_W150x13.5,100,150,5.46,4.32,6.34,1730,13.5,0.681,6830000,916000,91100,18200,102000,28200,16900,4750000000,0,W6x9
H_SC_W150x13,100,148,4.95,4.32,6.35,1630,13,0.678,6200000,828000,83600,16600,93900,25600,13900,4240000000,0,W6x8.5
H_SC_W130x28.1,128,131,10.9,6.86,7.6,3590,28.1,0.747,10900000,3800000,167000,59500,190000,90600,132000,13700000000,0,W5x19
H_SC_W130x23.8,127,127,9.14,6.1,7.66,3040,23.8,0.737,8910000,3130000,140000,49200,158000,75100,79900,10900000000,0,W5x16
H_SC_W100x19.3,103,106,8.76,7.11,6.34,2470,19.3,0.599,4700000,1610000,89500,31100,103000,47900,62900,3760000000,0,W4x13
