,Width##SECTION_PROPERTY##MILLIMETERS,Height##SECTION_PROPERTY##MILLIMETERS,Flange Thickness##SECTION_PROPERTY##MILLIMETERS,Web Thickness##SECTION_PROPERTY##MILLIMETERS,Flange Fillet##SECTION_PROPERTY##MILLIMETERS,Top Web Fillet##SECTION_PROPERTY##MILLIMETERS,Web Fillet##SECTION_PROPERTY##MILLIMETERS,Centroid Horizontal##SECTION_PROPERTY##MILLIMETERS,Centroid Vertical##SECTION_PROPERTY##MILLIMETERS,Section Area##SECTION_AREA##SQUARE_MILLIMETERS,Perimeter##SURFACE_AREA##SQUARE_METERS_PER_METER,Nominal Weight##WEIGHT_PER_UNIT_LENGTH##KILOGRAMS_FORCE_PER_METER,Moment of Inertia strong axis##MOMENT_OF_INERTIA##MILLIMETERS_TO_THE_FOURTH_POWER,Moment of Inertia weak axis##MOMENT_OF_INERTIA##MILLIMETERS_TO_THE_FOURTH_POWER,Elastic Modulus strong axis##SECTION_MODULUS##CUBIC_MILLIMETERS,Elastic Modulus weak axis##SECTION_MODULUS##CUBIC_MILLIMETERS,Plastic Modulus strong axis##SECTION_MODULUS##CUBIC_MILLIMETERS,Plastic Modulus weak axis##SECTION_MODULUS##CUBIC_MILLIMETERS,Torsional Moment of Inertia##MOMENT_OF_INERTIA##MILLIMETERS_TO_THE_FOURTH_POWER,Warping Constant##WARPING_CONSTANT##MILLIMETERS_TO_THE_SIXTH_POWER,Bolt Spacing Shorter Flange##SECTION_DIMENSION##MILLIMETERS,Bolt Spacing 1 Longer Flange##SECTION_DIMENSION##MILLIMETERS,Bolt Spacing 2 Longer Flange##SECTION_DIMENSION##MILLIMETERS,Section Name Key##other##
H_SC_L51x51x3.2,50.8,50.8,3.18,3.18,1.59,1.59,3.18,13.6,13.6,317,0.196,2.4,78700,78700,2110,2110,3770,3770,1220,212000,28.575,28.575,0,L2X2X1/8
H_SC_L51x51x4.8,50.8,50.8,4.76,4.76,2.38,2.38,4.76,14.2,14.2,466,0.199,3.6,113000,113000,3080,3080,5540,5540,3830,682000,28.575,28.575,0,L2X2X3/16
H_SC_L51x51x6.4,50.8,50.8,6.35,6.35,3.175,3.175,6.35,14.9,14.9,609,0.198,4.7,144000,144000,4000,4000,7210,7210,8700,1540000,28.575,28.575,0,L2X2X1/4
H_SC_L51x51x7.9,50.8,50.8,7.94,7.94,3.97,3.97,7.94,15.5,15.5,748,0.197,5.8,172000,172000,4880,4880,8800,8800,16400,2850000,28.575,28.575,0,L2X2X5/16
H_SC_L51x51x9.5,50.8,50.8,9.53,9.53,4.765,4.765,9.53,16.1,16.1,884,0.195,7,198000,198000,5700,5700,10300,10300,27400,4670000,28.575,28.575,0,L2X2X3/8
H_SC_L64x64x4.8,63.5,63.5,4.76,4.76,2.38,2.38,4.76,17.4,17.4,581,0.25,4.6,223000,223000,4830,4830,8670,8670,4750,1370000,34.925,34.925,0,L2 1/2X2 1/2X3/16
H_SC_L64x64x6.4,63.5,63.5,6.35,6.35,3.175,3.175,6.35,18.1,18.1,768,0.247,6.1,288000,288000,6340,6340,11400,11400,10900,3120000,34.925,34.925,0,L2 1/2X2 1/2X1/4
H_SC_L64x64x7.9,63.5,63.5,7.94,7.94,3.97,3.97,7.94,18.7,18.7,942,0.25,7.4,348000,348000,7770,7770,14000,14000,20600,5850000,34.925,34.925,0,L2 1/2X2 1/2X5/16
H_SC_L64x64x9.5,63.5,63.5,9.53,9.53,4.765,4.765,9.53,19.3,19.3,1120,0.248,8.7,405000,405000,9140,9140,16600,16600,34700,9720000,34.925,34.925,0,L2 1/2X2 1/2X3/8
H_SC_L64x64x12.7,63.5,63.5,12.7,12.7,6.35,6.35,12.7,20.4,20.4,1460,0.25,11.4,508000,508000,11700,11700,21100,21100,78300,21200000,34.925,34.925,0,L2 1/2X2 1/2X1/2
H_SC_L76x76x4.8,76.2,76.2,4.76,4.76,2.38,2.38,4.76,20.6,20.6,703,0.301,5.5,395000,395000,7100,7100,12700,12700,5660,2410000,44.45,44.45,0,L3X3X3/16
H_SC_L76x76x6.4,76.2,76.2,6.35,6.35,3.175,3.175,6.35,21.2,21.2,929,0.301,7.3,512000,512000,9320,9320,16700,16700,13000,5530000,44.45,44.45,0,L3X3X1/4
H_SC_L76x76x7.9,76.2,76.2,7.94,7.94,3.97,3.97,7.94,21.8,21.8,1150,0.298,9.1,624000,624000,11500,11500,20600,20600,24800,10500000,44.45,44.45,0,L3X3X5/16
H_SC_L76x76x9.5,76.2,76.2,9.53,9.53,4.765,4.765,9.53,22.5,22.5,1360,0.301,10.7,728000,728000,13500,13500,24300,24300,42000,17500000,44.45,44.45,0,L3X3X3/8
H_SC_L76x76x11.1,76.2,76.2,11.1,11.1,5.55,5.55,11.1,23,23,1570,0.298,12.4,824000,824000,15500,15500,27900,27900,65300,26900000,44.45,44.45,0,L3X3X7/16
H_SC_L76x76x12.7,76.2,76.2,12.7,12.7,6.35,6.35,12.7,23.6,23.6,1780,0.298,14,916000,916000,17400,17400,31300,31300,95700,38700000,44.45,44.45,0,L3X3X1/2
H_SC_L89x89x6.4,88.9,88.9,6.35,6.35,3.175,3.175,6.35,24.2,24.2,1100,0.349,8.6,832000,832000,12900,12900,23100,23100,16100,8970000,50.8,50.8,0,L3 1/2X3 1/2X1/4
H_SC_L89x89x7.9,88.9,88.9,7.94,7.94,3.97,3.97,7.94,24.9,24.9,1350,0.348,10.7,1020000,1020000,15900,15900,28500,28500,30400,17000000,50.8,50.8,0,L3 1/2X3 1/2X5/16
H_SC_L89x89x9.5,88.9,88.9,9.53,9.53,4.765,4.765,9.53,25.4,25.4,1610,0.351,12.6,1190000,1190000,18800,18800,33800,33800,51200,28500000,50.8,50.8,0,L3 1/2X3 1/2X3/8
H_SC_L89x89x11.1,88.9,88.9,11.1,11.1,5.55,5.55,11.1,26.2,26.2,1860,0.351,14.6,1350000,1350000,21600,21600,38700,38700,79900,44000000,50.8,50.8,0,L3 1/2X3 1/2X7/16
H_SC_L89x89x12.7,88.9,88.9,12.7,12.7,6.35,6.35,12.7,26.7,26.7,2100,0.351,16.5,1510000,1510000,24300,24300,43600,43600,117000,63900000,50.8,50.8,0,L3 1/2X3 1/2X1/2
H_SC_L102x102x6.4,102,102,6.35,6.35,3.175,3.175,6.35,27.4,27.4,1250,0.402,9.8,1250000,1250000,16900,16900,29800,29800,18200,13600000,63.5,63.5,0,L4X4X1/4
H_SC_L102x102x7.9,102,102,7.94,7.94,3.97,3.97,7.94,28.2,28.2,1550,0.402,12.2,1530000,1530000,20800,20800,37000,37000,34600,25900000,63.5,63.5,0,L4X4X5/16
H_SC_L102x102x9.5,102,102,9.53,9.53,4.765,4.765,9.53,28.7,28.7,1850,0.399,14.6,1800000,1800000,24600,24600,44100,44100,58700,43500000,63.5,63.5,0,L4X4X3/8
H_SC_L102x102x11.1,102,102,11.1,11.1,5.55,5.55,11.1,29.2,29.2,2130,0.402,16.8,2050000,2050000,28300,28300,50800,50800,91600,67700000,63.5,63.5,0,L4X4X7/16
H_SC_L102x102x12.7,102,102,12.7,12.7,6.35,6.35,12.7,30,30,2420,0.402,19,2300000,2300000,32100,32100,57400,57400,134000,98300000,63.5,63.5,0,L4X4X1/2
H_SC_L102x102x15.9,102,102,15.9,15.9,7.95,7.95,15.9,31,31,2970,0.402,23.4,2760000,2760000,39000,39000,70100,70100,254000,183000000,63.5,63.5,0,L4X4X5/8
H_SC_L102x102x19,102,102,19.1,19.1,9.55,9.55,19.1,32.3,32.3,3510,0.404,27.5,3170000,3170000,45700,45700,82300,82300,425000,301000000,63.5,63.5,0,L4X4X3/4
H_SC_L127x127x7.9,127,127,7.94,7.94,3.97,3.97,7.94,34.3,34.3,1980,0.505,15.3,3100000,3100000,33400,33400,59800,59800,45000,51800000,76.2,76.2,0,L5X5X5/16
H_SC_L127x127x9.5,127,127,9.53,9.53,4.765,4.765,9.53,34.8,34.8,2350,0.505,18.3,3650000,3650000,39500,39500,71000,71000,76200,87800000,76.2,76.2,0,L5X5X3/8
H_SC_L127x127x11.1,127,127,11.1,11.1,5.55,5.55,11.1,35.6,35.6,2720,0.5,21.3,4160000,4160000,45600,45600,81900,81900,118000,136000000,76.2,76.2,0,L5X5X7/16
H_SC_L127x127x12.7,127,127,12.7,12.7,6.35,6.35,12.7,36.1,36.1,3090,0.501,24.1,4700000,4700000,51600,51600,92800,92800,174000,200000000,76.2,76.2,0,L5X5X1/2
H_SC_L127x127x15.9,127,127,15.9,15.9,7.95,7.95,15.9,37.3,37.3,3810,0.502,29.8,5660000,5660000,63100,63100,114000,114000,330000,376000000,76.2,76.2,0,L5X5X5/8
H_SC_L127x127x19,127,127,19.1,19.1,9.55,9.55,19.1,38.6,38.6,4500,0.505,35.1,6530000,6530000,74100,74100,133000,133000,554000,623000000,76.2,76.2,0,L5X5X3/4
H_SC_L127x127x22.2,127,127,22.2,22.2,11.1,11.1,22.2,39.6,39.6,5160,0.503,40.5,7410000,7410000,84600,84600,153000,153000,862000,948000000,76.2,76.2,0,L5X5X7/8
H_SC_L152x152x7.9,152,152,7.94,7.94,3.97,3.97,7.94,40.6,40.6,2370,0.604,18.5,5410000,5410000,48300,48300,86200,86200,53700,90800000,88.9,88.9,0,L6X6X5/16
H_SC_L152x152x9.5,152,152,9.53,9.53,4.765,4.765,9.53,41.1,41.1,2830,0.602,22.2,6410000,6410000,57500,57500,103000,103000,90700,154000000,88.9,88.9,0,L6X6X3/8
H_SC_L152x152x11.1,152,152,11.1,11.1,5.55,5.55,11.1,41.9,41.9,3280,0.605,25.6,7330000,7330000,66500,66500,119000,119000,142000,241000000,88.9,88.9,0,L6X6X7/16
H_SC_L152x152x12.7,152,152,12.7,12.7,6.35,6.35,12.7,42.4,42.4,3720,0.603,29.2,8280000,8280000,75200,75200,135000,135000,209000,354000000,88.9,88.9,0,L6X6X1/2
H_SC_L152x152x14.3,152,152,14.3,14.3,7.15,7.15,14.3,43.2,43.2,4160,0.605,32.6,9160000,9160000,83900,83900,150000,150000,293000,497000000,88.9,88.9,0,L6X6X9/16
H_SC_L152x152x15.9,152,152,15.9,15.9,7.95,7.95,15.9,43.7,43.7,4600,0.605,36,10000000,10000000,92400,92400,166000,166000,398000,671000000,88.9,88.9,0,L6X6X5/8
H_SC_L152x152x19,152,152,19.1,19.1,9.55,9.55,19.1,45,45,5460,0.606,42.7,11700000,11700000,109000,109000,195000,195000,670000,1120000000,88.9,88.9,0,L6X6X3/4
H_SC_L152x152x22.2,152,152,22.2,22.2,11.1,11.1,22.2,46,46,6290,0.605,49.3,13300000,13300000,125000,125000,225000,225000,1040000,1720000000,88.9,88.9,0,L6X6X7/8
H_SC_L152x152x25.4,152,152,25.4,25.4,12.7,12.7,25.4,47.2,47.2,7100,0.605,55.7,14700000,14700000,140000,140000,252000,252000,1530000,2480000000,88.9,88.9,0,L6X6X1
H_SC_L203x203x12.7,203,203,12.7,12.7,6.35,6.35,12.7,55.1,55.1,5060,0.808,39.3,20300000,20300000,137000,137000,247000,247000,284000,867000000,114.3,114.3,0,L8X8X1/2
H_SC_L203x203x14.3,203,203,14.3,14.3,7.15,7.15,14.3,55.6,55.6,5660,0.809,44,22600000,22600000,153000,153000,275000,275000,400000,1220000000,114.3,114.3,0,L8X8X9/16
H_SC_L203x203x15.9,203,203,15.9,15.9,7.95,7.95,15.9,56.1,56.1,6250,0.809,48.7,24800000,24800000,169000,169000,305000,305000,541000,1650000000,114.3,114.3,0,L8X8X5/8
H_SC_L203x203x19,203,203,19.1,19.1,9.55,9.55,19.1,57.4,57.4,7420,0.809,57.9,29100000,29100000,200000,200000,361000,361000,920000,2790000000,114.3,114.3,0,L8X8X3/4
H_SC_L203x203x22.2,203,203,22.2,22.2,11.1,11.1,22.2,58.7,58.7,8580,0.809,67,33200000,33200000,229000,229000,415000,415000,1440000,4320000000,114.3,114.3,0,L8X8X7/8
H_SC_L203x203x25.4,203,203,25.4,25.4,12.7,12.7,25.4,59.9,59.9,9740,0.807,75.9,37100000,37100000,259000,259000,467000,467000,2110000,6280000000,114.3,114.3,0,L8X8X1
H_SC_L203x203x28.6,203,203,28.6,28.6,14.3,14.3,28.6,61,61,10800,0.808,84.7,40800000,40800000,287000,287000,518000,518000,2970000,8730000000,114.3,114.3,0,L8X8X1 1/8
H_SC_L254x254x19.1,254,254,19.1,19.1,9,9,18,69.8,69.8,9310,0.992,73.1,57070000,57070000,309800,309800,0,0,0,0,0,0,0,L10X10X3/4
H_SC_L254x254x22.2,254,254,22.2,22.2,9,9,18,71,71,10800,0.992,84.6,65490000,65490000,357900,357900,0,0,0,0,0,0,0,L10X10X7/8
H_SC_L254x254x25.4,254,254,25.4,25.4,9,9,18,72.3,72.3,12300,0.992,96.2,73740000,73740000,405800,405800,0,0,0,0,0,0,0,L10X10X1
H_SC_L254x254x28.6,254,254,28.6,28.6,9,9,18,73.5,73.5,13700,0.992,108,81680000,81680000,452600,452600,0,0,0,0,0,0,0,L10X10X1 1/8
H_SC_L254x254x31.8,254,254,31.8,31.8,9,9,18,74.7,74.7,15100,0.992,119,89330000,89330000,498300,498300,0,0,0,0,0,0,0,L10X10X1 1/4
H_SC_L254x254x34.9,254,254,34.9,34.9,9,9,18,75.9,75.9,16500,0.992,130,96480000,96480000,541700,541700,0,0,0,0,0,0,0,L10X10X1 3/8
H_SC_L305x305x25.4,305,305,25.4,25.4,12.7,12.7,18,84.8,84.8,14700,1.183,116,129200000,129200000,587100,587100,0,0,0,0,0,0,0,L12X12X1
H_SC_L305x305x28.6,305,305,28.6,28.6,12.7,12.7,18,86,86,16500,1.183,130,143700000,143700000,656700,656700,0,0,0,0,0,0,0,L12X12X1 1/8
H_SC_L305x305x31.8,305,305,31.8,31.8,12.7,12.7,18,87.3,87.3,18300,1.183,143,157700000,157700000,725000,725000,0,0,0,0,0,0,0,L12X12X1 1/4
H_SC_L305x305x34.9,305,305,34.9,34.9,12.7,12.7,18,88.5,88.5,19900,1.183,157,170900000,170900000,789900,789900,0,0,0,0,0,0,0,L12X12X1 3/8
