,H_SectionID##SECTION_PROPERTY##TEXT,Width##SECTION_PROPERTY##MILLIMETERS,Web Thickness##SECTION_PROPERTY##MILLIMETERS,Web Fillet##SECTION_PROPERTY##MILLIMETERS,Warping Constant##WARPING_CONSTANT##MILLIMETERS_TO_THE_SIXTH_POWER,Torsional Moment of Inertia##MOMENT_OF_INERTIA##MILLIMETERS_TO_THE_FOURTH_POWER,Structural Material##OTHER##,Section Name Key##OTHER##,Section Area##SECTION_AREA##SQUARE_MILLIMETERS,Plastic Modulus weak axis##SECTION_MODULUS##CUBIC_MILLIMETERS,Plastic Modulus strong axis##SECTION_MODULUS##CUBIC_MILLIMETERS,Perimeter##SURFACE_AREA##SQUARE_METERS_PER_METER,Nominal Weight##WEIGHT_PER_UNIT_LENGTH##KILOGRAMS_FORCE_PER_METER,Moment of Inertia weak axis##MOMENT_OF_INERTIA##MILLIMETERS_TO_THE_FOURTH_POWER,Moment of Inertia strong axis##MOMENT_OF_INERTIA##MILLIMETERS_TO_THE_FOURTH_POWER,Height##SECTION_PROPERTY##MILLIMETERS,Flange Thickness##SECTION_PROPERTY##MILLIMETERS,Elastic Modulus weak axis##SECTION_MODULUS##CUBIC_MILLIMETERS,Elastic Modulus strong axis##SECTION_MODULUS##CUBIC_MILLIMETERS,Centroid Vertical##SECTION_PROPERTY##MILLIMETERS,Centroid Horizontal##SECTION_PROPERTY##MILLIMETERS,Assembly Code##OTHER##
H_SC_AR_S01_H-100x100x6x8,H-100x100x6x8,100.0,6.0,10.0,2821333333.3333335,40757.333333333336,"Steel, 45-345",,2190.0,41200.0,87600.0,0.571,17.2,1340000.0,3830000.0,100.0,8.0,26700.0,76500.0,50.0,50.0,
H_SC_AR_S01_H-125x125x6.5x9,H-125x125x6.5x9,125.0,6.5,10.0,9855468750.0,71368.83333333333,"Steel, 45-345",,3031.0,71900.0,154000.0,0.72,23.8,2930000.0,8470000.0,125.0,9.0,47000.0,136000.0,62.5,62.5,
H_SC_AR_S01_H-150x75x5x7,H-150x75x5x7,75.0,5.0,8.0,2516185546.875,23108.333333333332,"Steel, 45-345",,1785.0000000000002,20800.0,102000.0,0.577,14.0,495000.0,6660000.0,150.0,7.0,13200.0,88800.0,75.0,37.5,
H_SC_AR_S01_H-148x100x6x9,H-148x100x6x9,100.0,6.0,11.0,7245375000.0,58608.0,"Steel, 45-345",,2684.0,46700.0,157000.0,0.666,21.1,1510000.0,10200000.0,148.0,9.0,30100.0,138000.0,74.0,50.0,
H_SC_AR_S01_H-150x150x7x10,H-150x150x7x10,150.0,7.0,11.0,27562500000.0,116006.66666666667,"Steel, 45-345",,4014.0,115000.0,246000.0,0.868,31.5,5630000.0,16400000.0,150.0,10.0,75100.0,219000.0,75.0,75.0,
H_SC_AR_S01_H-198x99x4.5x7,H-198x99x4.5x7,99.0,4.5,11.0,10324264363.875,28439.625,"Steel, 45-345",,2318.0,35700.0,180000.0,0.7641150383789754,18.2,1140000.0,15800000.0,198.0,7.0,23000.0,160000.0,99.0,49.5,
H_SC_AR_S01_H-200x100x5.5x8,H-200x100x5.5x8,100.0,5.5,11.0,12288000000.0,44781.333333333336,"Steel, 45-345",,2716.0,41900.0,209000.0,0.771,21.3,1340000.0,18400000.0,200.0,8.0,26800.0,184000.0,100.0,50.0,
H_SC_AR_S01_H-194x150x6x9,H-194x150x6x9,150.0,6.0,13.0,43316015625.0,86220.0,"Steel, 45-345",,3901.0,104000.0,309000.0,0.954,30.6,5070000.0,26900000.0,194.0,9.0,67600.0,277000.0,97.0,75.0,
H_SC_AR_S01_H-200x200x8x12,H-200x200x8x12,200.0,8.0,13.0,141376000000.0,262485.3333333333,"Steel, 45-345",,6353.0,244000.0,525000.0,1.162,49.9,16000000.0,47200000.0,200.0,12.0,160000.0,472000.0,100.0,100.0,
H_SC_AR_S01_H-200x204x12x12,H-200x204x12x12,204.0,12.0,13.0,150029342208.0,343296.0,"Steel, 45-345",,7153.0,257000.0,565000.0,1.17,56.2,17000000.0,49800000.0,200.0,12.0,167000.0,498000.0,100.0,102.0,
H_SC_AR_S01_H-208x202x10x16,H-208x202x10x16,202.0,10.0,13.0,202565419008.0,615594.6666666666,"Steel, 45-345",,8369.0,332000.0,710000.0,1.182,65.7,22000000.0,65300000.0,208.0,16.0,218000.0,628000.0,104.0,101.0,
H_SC_AR_S01_H-248x124x5x8,H-248x124x5x8,124.0,5.0,12.0,36607180800.0,52325.333333333336,"Steel, 45-345",,3268.0,63600.0,319000.0,0.962,25.7,2550000.0,35400000.0,248.0,8.0,41100.0,285000.0,124.0,62.0,
H_SC_AR_S01_H-250x125x6x9,H-250x125x6x9,125.0,6.0,12.0,42539794921.875,78102.0,"Steel, 45-345",,3765.9999999999995,73100.0,366000.0,0.968,29.6,2940000.0,40500000.0,250.0,9.0,47000.0,324000.0,125.0,62.5,
H_SC_AR_S01_H-244x175x7x11,H-244x175x7x11,175.0,7.0,16.0,133354425130.20833,181923.0,"Steel, 45-345",,5624.0,173000.0,558000.0,1.147,44.1,9840000.0,61200000.0,244.0,11.0,113000.0,502000.0,122.0,87.5,
H_SC_AR_S01_H-244x252x11x11,H-244x252x11x11,252.0,11.0,16.0,398194179768.0,326982.3333333333,"Steel, 45-345",,8206.0,358000.0,805000.0,1.447,64.4,29400000.0,87900000.0,244.0,11.0,233000.0,720000.0,122.0,126.0,
H_SC_AR_S01_H-248x249x8x13,H-248x249x8x13,249.0,8.0,16.0,461812704721.875,404808.6666666667,"Steel, 45-345",,8470.0,408000.0,883000.0,1.449,66.5,33500000.0,99300000.0,248.0,13.0,269000.0,801000.0,124.0,124.5,
H_SC_AR_S01_H-250x250x9x14,H-250x250x9x14,250.0,9.0,16.0,507645833333.3333,514681.3333333333,"Steel, 45-345",,9218.0,444000.0,960000.0,1.455,72.4,36500000.0,108000000.0,250.0,14.0,292000.0,867000.0,125.0,125.0,
H_SC_AR_S01_H-250x255x14x14,H-250x255x14x14,255.0,14.0,16.0,538717819500.0,682341.3333333334,"Steel, 45-345",,10470.0,468000.0,1040000.0,1.465,82.2,38800000.0,115000000.0,250.0,14.0,304000.0,919000.0,125.0,127.5,
H_SC_AR_S01_H-298x149x5.5x8,H-298x149x5.5x8,149.0,5.5,13.0,92732836966.66667,66941.58333333333,"Steel, 45-345",,4079.9999999999995,91800.0,475000.0,1.159,32.0,4420000.0,63200000.0,298.0,8.0,59300.0,424000.0,149.0,74.5,
H_SC_AR_S01_H-300x150x6.5x9,H-300x150x6.5x9,150.0,6.5,13.0,107174390625.0,99538.625,"Steel, 45-345",,4678.0,105000.0,542000.0,1.165,36.7,5080000.0,72100000.0,300.0,9.0,67700.0,481000.0,150.0,75.0,
H_SC_AR_S01_H-294x200x8x12,H-294x200x8x12,200.0,8.0,18.0,318096000000.0,278528.0,"Steel, 45-345",,7238.0,247000.0,859000.0,1.342,56.8,16000000.0,113000000.0,294.0,12.0,160000.0,771000.0,147.0,100.0,
H_SC_AR_S01_H-298x201x9x14,H-298x201x9x14,201.0,9.0,18.0,382068863316.0,436708.0,"Steel, 45-345",,8336.0,291000.0,1000000.0,1.352,65.4,19000000.0,133000000.0,298.0,14.0,189000.0,893000.0,149.0,100.5,
H_SC_AR_S01_H-294x302x12x12,H-294x302x12x12,302.0,12.0,18.0,1095188941296.0,510336.0,"Steel, 45-345",,10770.0,560000.0,1280000.0,1.742,84.5,55200000.0,169000000.0,294.0,12.0,365000.0,1150000.0,147.0,151.0,
H_SC_AR_S01_H-298x299x9x14,H-298x299x9x14,299.0,9.0,18.0,1257670977350.6667,615982.6666666666,"Steel, 45-345",,11080.0,634000.0,1389000.0,1.744,87.0,62400000.0,188000000.0,298.0,14.0,417000.0,1270000.0,149.0,149.5,
H_SC_AR_S01_H-300x300x10x15,H-300x300x10x15,300.0,10.0,18.0,1370671875000.0,770000.0,"Steel, 45-345",,11980.0,684000.0,1500000.0,1.75,94.0,67500000.0,204000000.0,300.0,15.0,450000.0,1360000.0,150.0,150.0,
H_SC_AR_S01_H-300x305x15x15,H-300x305x15x15,305.0,15.0,18.0,1440354041015.625,1006875.0,"Steel, 45-345",,13480.000000000002,716000.0,1610000.0,1.76,106.0,71000000.0,215000000.0,300.0,15.0,466000.0,1440000.0,150.0,152.5,
H_SC_AR_S01_H-304x301x11x17,H-304x301x11x17,301.0,11.0,18.0,1591112764832.2083,1113207.6666666667,"Steel, 45-345",,13480.000000000002,781000.0,1705000.0,1.76,106.0,77300000.0,234000000.0,304.0,17.0,514000.0,1540000.0,152.0,150.5,
H_SC_AR_S01_H-310x305x15x20,H-310x305x15x20,305.0,15.0,18.0,1988448135416.6667,1952916.6666666667,"Steel, 45-345",,16530.0,949000.0,2079000.0,1.78,130.0,94600000.0,281500000.0,310.0,20.0,620000.0,1810000.0,155.0,152.5,
H_SC_AR_S01_H-310x310x20x20,H-310x310x20x20,310.0,20.0,18.0,2087852583333.3333,2426666.6666666665,"Steel, 45-345",,18080.0,992000.0,2199000.0,1.79,142.0,99400000.0,293900000.0,310.0,20.0,642000.0,1890000.0,155.0,155.0,
H_SC_AR_S01_H-346x174x6x9,H-346x174x6x9,174.0,6.0,14.0,224356581621.0,108828.0,"Steel, 45-345",,5268.0,140000.0,716000.0,1.352,41.4,7920000.0,111000000.0,346.0,9.0,91000.0,641000.0,173.0,87.0,
H_SC_AR_S01_H-350x175x7x11,H-350x175x7x11,175.0,7.0,14.0,282289669921.875,194042.33333333334,"Steel, 45-345",,6314.0,174000.0,868000.0,1.362,49.6,9840000.0,136000000.0,350.0,11.0,112000.0,775000.0,175.0,87.5,
H_SC_AR_S01_H-354x176x8x13,H-354x176x8x13,176.0,8.0,14.0,343383064405.3333,315978.6666666667,"Steel, 45-345",,7368.000000000001,208000.0,1022000.0,1.372,57.8,11800000.0,161000000.0,354.0,13.0,134000.0,909000.0,177.0,88.0,
H_SC_AR_S01_H-336x249x8x12,H-336x249x8x12,249.0,8.0,20.0,810322813512.0,342144.0,"Steel, 45-345",,8815.0,380000.0,1215000.0,1.618,69.2,30900000.0,185000000.0,336.0,12.0,248000.0,1100000.0,168.0,124.5,
H_SC_AR_S01_H-340x250x9x14,H-340x250x9x14,250.0,9.0,20.0,968661458333.3334,536551.3333333334,"Steel, 45-345",,10150.0,447000.0,1410000.0,1.628,79.7,36500000.0,217000000.0,340.0,14.0,292000.0,1280000.0,170.0,125.0,
H_SC_AR_S01_H-338x351x13x13,H-338x351x13x13,351.0,13.0,20.0,2474116706953.125,752106.3333333334,"Steel, 45-345",,13530.000000000002,872000.0,1851000.0,2.026,106.0,93800000.0,282000000.0,338.0,13.0,534000.0,1670000.0,169.0,175.5,
H_SC_AR_S01_H-344x348x10x16,H-344x348x10x16,348.0,10.0,20.0,3022693834752.0,1059605.3333333333,"Steel, 45-345",,14600.0,980000.0,2120000.0,2.02,115.0,112000000.0,333000000.0,344.0,16.0,646000.0,1940000.0,172.0,174.0,
H_SC_AR_S01_H-344x354x16x16,H-344x354x16x16,354.0,16.0,20.0,3181751184384.0,1414485.3333333333,"Steel, 45-345",,16660.0,1023000.0,2247000.0,2.038,131.0,118000000.0,353000000.0,344.0,16.0,669000.0,2050000.0,172.0,177.0,
H_SC_AR_S01_H-350x350x12x19,H-350x350x12x19,350.0,12.0,20.0,3718797067708.3335,1791089.3333333333,"Steel, 45-345",,17390.0,1180000.0,2550000.0,2.042,137.0,136000000.0,403000000.0,350.0,19.0,776000.0,2300000.0,175.0,175.0,
H_SC_AR_S01_H-350x357x19x19,H-350x357x19x19,357.0,19.0,20.0,3946417198628.625,2389218.3333333335,"Steel, 45-345",,19140.0,1244000.0,2760000.0,2.0556637061435916,156.0,144000000.0,428000000.0,350.0,19.0,809000.0,2450000.0,175.0,178.5,
H_SC_AR_S01_H-396x199x7x11,H-396x199x7x11,199.0,7.0,16.0,535379985605.2083,220597.66666666666,"Steel, 45-345",,7216.0,224000.0,1130000.0,1.5465309649148735,56.6,14500000.0,200000000.0,396.0,11.0,145000.0,1010000.0,198.0,99.5,
H_SC_AR_S01_H-400x200x8x13,H-400x200x8x13,200.0,8.0,16.0,648999000000.0,358981.3333333333,"Steel, 45-345",,8412.0,268000.0,1330000.0,1.5565309649148735,66.0,17400000.0,237000000.0,400.0,13.0,174000.0,1190000.0,200.0,100.0,
H_SC_AR_S01_H-404x201x9x15,H-404x201x9x15,201.0,9.0,16.0,768010914950.625,546777.0,"Steel, 45-345",,9616.0,312000.0,1528000.0,1.5665309649148735,75.5,20300000.0,275000000.0,404.0,15.0,202000.0,1360000.0,202.0,100.5,
H_SC_AR_S01_H-386x299x9x14,H-386x299x9x14,299.0,9.0,22.0,2157825090876.0,637366.6666666666,"Steel, 45-345",,12010.0,637000.0,1918000.0,1.912230076757951,94.3,62400000.0,337000000.0,386.0,14.0,418000.0,1740000.0,193.0,149.5,
H_SC_AR_S01_H-390x300x10x16,H-390x300x10x16,300.0,10.0,22.0,2517768000000.0,943866.6666666666,"Steel, 45-345",,13600.0,733000.0,2190000.0,1.922230076757951,107.0,72100000.0,387000000.0,390.0,16.0,481000.0,1980000.0,195.0,150.0,
H_SC_AR_S01_H-388x402x15x15,H-388x402x15x15,402.0,15.0,22.0,5649055482645.0,1324125.0,"Steel, 45-345",,17850.0,1240000.0,2800000.0,2.3162300767579507,140.0,163000000.0,490000000.0,388.0,15.0,809000.0,2520000.0,194.0,201.0,
H_SC_AR_S01_H-394x398x11x18,H-394x398x11x18,398.0,11.0,22.0,6684765385344.0,1714242.6666666667,"Steel, 45-345",,18680.0,1440000.0,3120000.0,2.3202300767579507,147.0,189000000.0,561000000.0,394.0,18.0,951000.0,2850000.0,197.0,199.0,
H_SC_AR_S01_H-394x405x18x18,H-394x405x18x18,405.0,18.0,22.0,7043719014000.0,2305584.0,"Steel, 45-345",,21440.0,1511000.0,3390000.0,2.334230076757951,168.0,200000000.0,597000000.0,394.0,18.0,985000.0,3030000.0,197.0,202.5,
H_SC_AR_S01_H-400x400x13x21,H-400x400x13x21,400.0,13.0,22.0,8043896000000.0,2747154.3333333335,"Steel, 45-345",,21870.0,1700000.0,3670000.0,2.3362300767579507,172.0,224000000.0,666000000.0,400.0,21.0,1120000.0,3330000.0,200.0,200.0,
H_SC_AR_S01_H-400x408x21x21,H-400x408x21x21,408.0,21.0,22.0,8536246786368.0,3688965.0,"Steel, 45-345",,25070.0,1790000.0,3990000.0,2.3522300767579507,197.0,238000000.0,709000000.0,400.0,21.0,1170000.0,3540000.0,200.0,204.0,
H_SC_AR_S01_H-406x403x16x24,H-406x403x16x24,403.0,16.0,22.0,9550846479148.0,4235605.333333333,"Steel, 45-345",,25490.0,1977000.0,4280000.0,2.354230076757951,200.0,262000000.0,780000000.0,406.0,24.0,1300000.0,3840000.0,203.0,201.5,
H_SC_AR_S01_H-414x405x18x28,H-414x405x18x28,405.0,18.0,22.0,11547460055250.0,6677424.0,"Steel, 45-345",,29539.999999999996,2330000.0,5030000.0,2.374230076757951,232.0,310000000.0,928000000.0,414.0,28.0,1530000.0,4480000.0,207.0,202.5,
H_SC_AR_S01_H-428x407x20x35,H-428x407x20x35,407.0,20.0,22.0,15185361358426.875,12681416.666666666,"Steel, 45-345",,36070.0,2940000.0,6310000.0,2.406230076757951,283.0,394000000.0,1190000000.0,428.0,35.0,1930000.0,5570000.0,214.0,203.5,
H_SC_AR_S01_H-458x417x30x50,H-458x417x30x50,417.0,30.0,22.0,25147062068400.0,38422000.0,"Steel, 45-345",,52860.0,4440000.0,9540000.0,2.486230076757951,415.0,605000000.0,1870000000.0,458.0,50.0,2900000.0,8170000.0,229.0,208.5,
H_SC_AR_S01_H-498x432x45x70,H-498x432x45x70,432.0,45.0,22.0,43075028828160.0,111784500.0,"Steel, 45-345",,77010.0,6720000.0,14500000.0,2.596230076757951,605.0,940000000.0,2980000000.0,498.0,70.0,4370000.0,13000000.0,249.0,216.0,
H_SC_AR_S01_H-446x199x8x12,H-446x199x8x12,199.0,8.0,18.0,742179052622.0,303317.3333333333,"Steel, 45-345",,8430.0,247000.0,1450000.0,1.6410973355292326,66.2,15800000.0,287000000.0,446.0,12.0,159000.0,1290000.0,223.0,99.5,
H_SC_AR_S01_H-450x200x9x14,H-450x200x9x14,200.0,9.0,18.0,887114666666.6666,471814.6666666667,"Steel, 45-345",,9676.0,291000.0,1680000.0,1.6510973355292327,76.0,18700000.0,335000000.0,450.0,14.0,187000.0,1490000.0,225.0,100.0,
H_SC_AR_S01_H-434x299x10x15,H-434x299x10x15,299.0,10.0,24.0,2933064599586.875,812416.6666666666,"Steel, 45-345",,13500.0,686000.0,2384000.0,2.00279644737231,106.0,66900000.0,468000000.0,434.0,15.0,448000.0,2160000.0,217.0,149.5,
H_SC_AR_S01_H-440x300x11x18,H-440x300x11x18,300.0,11.0,24.0,3606201000000.0,1353627.3333333333,"Steel, 45-345",,15740.0,828000.0,2820000.0,2.01679644737231,124.0,81100000.0,561000000.0,440.0,18.0,541000.0,2550000.0,220.0,150.0,
H_SC_AR_S01_H-496x199x9x14,H-496x199x9x14,199.0,9.0,20.0,1067997164544.3334,481163.3333333333,"Steel, 45-345",,10130.0,290000.0,1910000.0,1.7356637061435918,79.5,18400000.0,419000000.0,496.0,14.0,185000.0,1690000.0,248.0,99.5,
H_SC_AR_S01_H-500x200x10x16,H-500x200x10x16,200.0,10.0,20.0,1249365333333.3333,707466.6666666666,"Steel, 45-345",,11420.0,335000.0,2180000.0,1.7456637061435918,89.6,21400000.0,478000000.0,500.0,16.0,214000.0,1910000.0,250.0,100.0,
H_SC_AR_S01_H-506x201x11x19,H-506x201x11x19,201.0,11.0,20.0,1524714231367.125,1135171.6666666667,"Steel, 45-345",,13130.000000000002,401000.0,2540000.0,1.7596637061435918,103.0,25800000.0,565000000.0,506.0,19.0,254000.0,2230000.0,253.0,100.5,
H_SC_AR_S01_H-482x300x11x15,H-482x300x11x15,300.0,11.0,26.0,3680251875000.0,882192.3333333334,"Steel, 45-345",,14550.0,695000.0,2790000.0,2.097362817986669,114.0,67600000.0,604000000.0,482.0,15.0,451000.0,2500000.0,241.0,150.0,
H_SC_AR_S01_H-488x300x11x18,H-488x300x11x18,300.0,11.0,26.0,4473225000000.0,1374923.3333333333,"Steel, 45-345",,16350.0,830000.0,3230000.0,2.109362817986669,128.0,81100000.0,710000000.0,488.0,18.0,541000.0,2910000.0,244.0,150.0,
H_SC_AR_S01_H-596x199x10x15,H-596x199x10x15,199.0,10.0,22.0,1662614299399.375,641416.6666666666,"Steel, 45-345",,12050.0,315000.0,2650000.0,1.9302300767579508,94.6,19800000.0,687000000.0,596.0,15.0,199000.0,2310000.0,298.0,99.5,
H_SC_AR_S01_H-600x200x11x17,H-600x200x11x17,200.0,11.0,22.0,1926037666666.6667,913724.3333333334,"Steel, 45-345",,13440.0,361000.0,2980000.0,1.9402300767579508,106.0,22800000.0,776000000.0,600.0,17.0,228000.0,2590000.0,300.0,100.0,
H_SC_AR_S01_H-606x201x12x20,H-606x201x12x20,201.0,12.0,22.0,2323818250830.0,1409536.0,"Steel, 45-345",,15250.0,429000.0,3430000.0,1.9542300767579508,120.0,27200000.0,904000000.0,606.0,20.0,271000.0,2980000.0,303.0,100.5,
H_SC_AR_S01_H-612x202x13x23,H-612x202x13x23,202.0,13.0,22.0,2740320074694.3335,2069833.6666666667,"Steel, 45-345",,17070.0,498000.0,3893000.0,1.9682300767579508,134.0,31800000.0,1030000000.0,612.0,23.0,314000.0,3380000.0,306.0,101.0,
H_SC_AR_S01_H-582x300x12x17,H-582x300x12x17,300.0,12.0,28.0,6105178125000.0,1308040.0,"Steel, 45-345",,17450.0,793000.0,3960000.0,2.2919291886010282,137.0,76700000.0,1030000000.0,582.0,17.0,511000.0,3530000.0,291.0,150.0,
H_SC_AR_S01_H-588x300x12x20,H-588x300x12x20,300.0,12.0,28.0,7259040000000.0,1927168.0,"Steel, 45-345",,19250.0,928000.0,4490000.0,2.3039291886010282,151.0,90200000.0,1180000000.0,588.0,20.0,601000.0,4020000.0,294.0,150.0,
H_SC_AR_S01_H-594x302x14x23,H-594x302x14x23,302.0,14.0,28.0,8606164433597.667,2971897.3333333335,"Steel, 45-345",,22240.0,1080000.0,5200000.0,2.3199291886010283,175.0,106000000.0,1370000000.0,594.0,23.0,701000.0,4620000.0,297.0,151.0,
H_SC_AR_S01_H-692x300x13x20,H-692x300x13x20,300.0,13.0,28.0,10160640000000.0,2092128.0,"Steel, 45-345",,21150.0,936000.0,5630000.0,2.509929188601028,166.0,90200000.0,1720000000.0,692.0,20.0,602000.0,4980000.0,346.0,150.0,
H_SC_AR_S01_H-700x300x13x24,H-700x300x13x24,300.0,13.0,28.0,12338352000000.0,3259857.3333333335,"Steel, 45-345",,23550.0,1120000.0,6460000.0,2.525929188601028,185.0,108000000.0,2010000000.0,700.0,24.0,722000.0,5760000.0,350.0,150.0,
H_SC_AR_S01_H-708x302x15x28,H-708x302x15x28,302.0,15.0,28.0,14858858395733.334,5184669.333333333,"Steel, 45-345",,27360.000000000004,1323000.0,7559000.0,2.5459291886010282,215.0,129000000.0,2370000000.0,708.0,28.0,853000.0,6700000.0,354.0,151.0,
H_SC_AR_S01_H-792x300x14x22,H-792x300x14x22,300.0,14.0,28.0,14674275000000.0,2833893.3333333335,"Steel, 45-345",,24340.0,1040000.0,7290000.0,2.707929188601028,191.0,99300000.0,2540000000.0,792.0,22.0,662000.0,6410000.0,396.0,150.0,
H_SC_AR_S01_H-800x300x14x26,H-800x300x14x26,300.0,14.0,28.0,17522973000000.0,4223152.0,"Steel, 45-345",,26739.999999999996,1220000.0,8240000.0,2.723929188601028,210.0,117000000.0,2920000000.0,800.0,26.0,782000.0,7290000.0,400.0,150.0,
H_SC_AR_S01_H-808x302x16x30,H-808x302x16x30,302.0,16.0,28.0,20839631530840.0,6498229.333333333,"Steel, 45-345",,30760.000000000004,1426000.0,9534000.0,2.743929188601028,241.0,138000000.0,3390000000.0,808.0,30.0,915000.0,8400000.0,404.0,151.0,
H_SC_AR_S01_H-890x299x15x23,H-890x299x15x23,299.0,15.0,18.0,19256100957643.875,3400663.6666666665,"Steel, 45-345",,26680.0,1080000.0,8910000.0,2.9150973355292327,210.0,103000000.0,3390000000.0,890.0,23.0,687000.0,7610000.0,445.0,149.5,
H_SC_AR_S01_H-900x300x16x28,H-900x300x16x28,300.0,16.0,18.0,23952096000000.0,5580970.666666667,"Steel, 45-345",,30580.0,1320000.0,10500000.0,2.9370973355292325,240.0,126000000.0,4040000000.0,900.0,28.0,842000.0,8990000.0,450.0,150.0,
H_SC_AR_S01_H-912x302x18x34,H-912x302x18x34,302.0,18.0,18.0,30079979505085.332,9620037.333333334,"Steel, 45-345",,36010.0,1630000.0,12500000.0,2.9650973355292325,283.0,157000000.0,4910000000.0,912.0,34.0,1040000.0,10800000.0,456.0,151.0,
H_SC_AR_S01_H-918x303x19x37,H-918x303x19x37,303.0,19.0,18.0,33286657291939.125,12246165.666666666,"Steel, 45-345",,38740.0,1778000.0,13377000.0,2.9790973355292327,304.0,172000000.0,5350000000.0,918.0,37.0,1140000.0,11700000.0,459.0,151.5,
