,H_SectionID##SECTION_PROPERTY##TEXT,Width##SECTION_PROPERTY##MILLIMETERS,Height##SECTION_PROPERTY##MILLIMETERS,Flange Thickness##SECTION_PROPERTY##MILLIMETERS,Web Thickness##SECTION_PROPERTY##MILLIMETERS,Flange Fillet##SECTION_PROPERTY##MILLIMETERS,Web Fillet##SECTION_PROPERTY##MILLIMETERS,Centroid Horizontal##SECTION_PROPERTY##MILLIMETERS,Flange Thickness Location##SECTION_PROPERTY##MILLIMETERS,Section Area##SECTION_AREA##SQUARE_MILLIMETERS,Nominal Weight##WEIGHT_PER_UNIT_LENGTH##KILOGRAMS_FORCE_PER_METER,Moment of Inertia strong axis##MOMENT_OF_INERTIA##MILLIMETERS_TO_THE_FOURTH_POWER,Moment of Inertia weak axis##MOMENT_OF_INERTIA##MILLIMETERS_TO_THE_FOURTH_POWER,Elastic Modulus strong axis##SECTION_MODULUS##CUBIC_MILLIMETERS,Elastic Modulus weak axis##SECTION_MODULUS##CUBIC_MILLIMETERS,Plastic Modulus strong axis##SECTION_MODULUS##CUBIC_MILLIMETERS,Plastic Modulus weak axis##SECTION_MODULUS##CUBIC_MILLIMETERS,Torsional Moment of Inertia##MOMENT_OF_INERTIA##MILLIMETERS_TO_THE_FOURTH_POWER,Warping Constant##WARPING_CONSTANT##MILLIMETERS_TO_THE_SIXTH_POWER,Bolt Spacing##SECTION_DIMENSION##MILLIMETERS,Section Name Key##other##
H_SB_C380x74,C380x74,94.5,381.0,16.5,18.2,8.25,16.5,20.3,38.15,9480.0,74.0,168000000.0,4580000.0,882000.0,61800.0,1120000.0,133000.0,1100000.0,132000000000.0,57.15,ChannelsC15X50
H_SB_C380x60,C380x60,89.4,381.0,16.5,13.2,8.25,16.5,19.8,38.1,7610.0,60.0,145000000.0,3820000.0,762000.0,54700.0,942000.0,112000.0,604000.0,110000000000.0,50.8,ChannelsC15X40
H_SB_C380x50.4,C380x50.4,86.4,381.0,16.5,10.2,8.25,16.5,20.0,38.1,6450.0,50.4,131000000.0,3360000.0,688000.0,50600.0,832000.0,101000.0,420000.0,96100000000.0,50.8,ChannelsC15X33.9
H_SB_C310x45,C310x45,80.5,305.0,12.7,13.0,6.35,12.7,17.1,33.75,5680.0,45.0,67400000.0,2130000.0,442000.0,33600.0,554000.0,70800.0,358000.0,40500000000.0,44.45,ChannelsC12X30
H_SB_C310x37,C310x37,77.5,305.0,12.7,9.83,6.35,12.7,17.1,33.835,4740.0,37.0,59900000.0,1850000.0,393000.0,30600.0,482000.0,62600.0,224000.0,34900000000.0,44.45,ChannelsC12X25
H_SB_C310x30.8,C310x30.8,74.7,305.0,12.7,7.16,6.35,12.7,17.7,33.77,3920.0,30.8,53700000.0,1610000.0,352000.0,28200.0,420000.0,56900.0,154000.0,30100000000.0,44.45,ChannelsC12X20.7
H_SB_C250x45,C250x45,77.0,254.0,11.1,17.1,5.55,11.1,16.5,29.95,5680.0,45.0,42900000.0,1640000.0,339000.0,27000.0,438000.0,61900.0,508000.0,21300000000.0,44.45,ChannelsC10X30
H_SB_C250x37,C250x37,73.4,254.0,11.1,13.4,5.55,11.1,15.7,30.0,4740.0,37.0,37900000.0,1390000.0,298000.0,24100.0,379000.0,52100.0,286000.0,18300000000.0,44.45,ChannelsC10X25
H_SB_C250x30,C250x30,69.6,254.0,11.1,9.63,5.55,11.1,15.4,29.985,3790.0,30.0,32800000.0,1170000.0,259000.0,21500.0,318000.0,44200.0,153000.0,15300000000.0,38.1,ChannelsC10X20
H_SB_C250x22.8,C250x22.8,66.0,254.0,11.1,6.1,5.55,11.1,16.1,29.95,2890.0,22.8,28000000.0,945000.0,221000.0,18800.0,261000.0,38300.0,87000.0,12200000000.0,38.1,ChannelsC10X15.3
H_SB_C230x30,C230x30,67.3,229.0,10.5,11.4,5.25,10.5,14.8,27.95,3790.0,30.0,25300000.0,1000000.0,221000.0,19200.0,277000.0,40300.0,178000.0,10600000000.0,38.1,ChannelsC9X20
H_SB_C230x22,C230x22,63.2,229.0,10.5,7.24,5.25,10.5,14.9,27.98,2840.0,22.0,21200000.0,795000.0,185000.0,16600.0,223000.0,33400.0,86600.0,8320000000.0,34.925,ChannelsC9X15
H_SB_C230x19.9,C230x19.9,61.7,229.0,10.5,5.92,5.25,10.5,15.3,27.89,2540.0,19.9,19900000.0,728000.0,174000.0,15600.0,206000.0,31800.0,69900.0,7570000000.0,34.925,ChannelsC9X13.4
H_SB_C200x27.9,C200x27.9,64.3,203.0,9.91,12.4,4.955,9.91,14.4,25.95,3550.0,27.9,18300000.0,820000.0,180000.0,16600.0,228000.0,35600.0,181000.0,6740000000.0,38.1,ChannelsC8X18.75
H_SB_C200x20.5,C200x20.5,59.4,203.0,9.91,7.7,4.955,9.91,14.1,25.85,2600.0,20.5,15000000.0,633000.0,148000.0,13900.0,180000.0,28300.0,77400.0,5160000000.0,34.925,ChannelsC8X13.75
H_SB_C200x17.1,C200x17.1,57.4,203.0,9.91,5.59,4.955,9.91,14.5,25.905,2170.0,17.1,13500000.0,545000.0,133000.0,12700.0,158000.0,25700.0,54100.0,4430000000.0,34.925,ChannelsC8X11.5
H_SB_C180x22,C180x22,58.4,178.0,9.3,10.6,4.65,9.3,13.5,23.9,2790.0,22.0,11300000.0,570000.0,127000.0,12700.0,160000.0,26700.0,111000.0,3520000000.0,31.75,ChannelsC7X14.75
H_SB_C180x18.2,C180x18.2,55.6,178.0,9.3,7.98,4.65,9.3,13.3,23.81,2320.0,18.2,10100000.0,483000.0,113000.0,11400.0,139000.0,23300.0,67000.0,3010000000.0,31.75,ChannelsC7X12.25
H_SB_C180x14.6,C180x14.6,53.1,178.0,9.3,5.33,4.65,9.3,13.7,23.885,1850.0,14.6,8820000.0,398000.0,99500.0,10100.0,118000.0,20600.0,41500.0,2460000000.0,31.75,ChannelsC7X9.8
H_SB_C150x19.3,C150x19.3,54.9,152.0,8.71,11.1,4.355,8.71,13.1,21.9,2460.0,19.3,7200000.0,437000.0,94700.0,10500.0,119000.0,22100.0,98600.0,1930000000.0,34.925,ChannelsC6X13
H_SB_C150x15.6,C150x15.6,51.6,152.0,8.71,7.98,4.355,8.71,12.7,21.81,1980.0,15.6,6290000.0,358000.0,82600.0,9190.0,101000.0,18700.0,53300.0,1590000000.0,28.575,ChannelsC6X10.5
H_SB_C150x12.2,C150x12.2,48.8,152.0,8.71,5.08,4.355,8.71,13.0,21.86,1540.0,12.2,5450000.0,286000.0,71300.0,8000.0,84600.0,16200.0,30600.0,1260000000.0,28.575,ChannelsC6X8.2
H_SB_C130x13,C130x13,48.0,127.0,8.13,8.26,4.065,8.13,12.1,19.87,1700.0,13.0,3700000.0,260000.0,58300.0,7280.0,71900.0,15000.0,45400.0,787000000.0,28.575,ChannelsC5X9
H_SB_C130x10.4,C130x10.4,44.5,127.0,8.13,4.83,4.065,8.13,12.3,19.835,1270.0,10.4,3110000.0,196000.0,49000.0,6100.0,58200.0,12400.0,22900.0,596000000.0,0.0,ChannelsC5X6.7
H_SB_C100x10.8,C100x10.8,43.7,102.0,7.52,8.15,3.76,7.52,11.7,17.775,1370.0,10.8,1910000.0,177000.0,37500.0,5520.0,46500.0,11400.0,34000.0,333000000.0,25.4,ChannelsC4X7.25
H_SB_C100x9.3,C100x9.3,41.91,102.0,6.91,6.2738,3.455,6.91,11.0,17.8181,1140.0,9.3,1660000.0,144000.0,32800.0,4650.0,39800.0,9320.0,20300.0,277000000.0,0.0,ChannelsC4X6.25
H_SB_C100x8,C100x8,40.1,102.0,7.52,4.67,3.76,7.52,11.6,17.715,1020.0,8.0,1600000.0,130000.0,31500.0,4540.0,37500.0,9260.0,16600.0,247000000.0,0.0,ChannelsC4X5.4
H_SB_C100x6.7,C100x6.7,40.1,102.0,7.52,3.18,3.76,7.52,12.5,18.46,890.0,6.7,1520000.0,120000.0,30000.0,4340.0,34700.0,8700.0,13400.0,234000000.0,0.0,ChannelsC4X4.5
H_SB_C75x8.9,C75x8.9,40.6,76.2,6.93,9.04,3.465,6.93,11.6,15.78,1140.0,8.9,862000.0,125000.0,22600.0,4310.0,28500.0,8900.0,30200.0,124000000.0,0.0,ChannelsC3X6
H_SB_C75x7.4,C75x7.4,38.1,76.2,6.93,6.55,3.465,6.93,11.2,15.775,948.0,7.4,770000.0,100000.0,20200.0,3740.0,24900.0,7600.0,17700.0,102000000.0,0.0,ChannelsC3X5
H_SB_C75x6.1,C75x6.1,35.8,76.2,6.93,4.32,3.465,6.93,11.1,15.74,774.0,6.1,687000.0,79500.0,18000.0,3210.0,21600.0,6540.0,11200.0,82400000.0,0.0,ChannelsC3X4.1
H_SB_C75x5.2,C75x5.2,34.8,76.2,6.93,3.35,3.465,6.93,11.3,15.725,703.0,5.2,653000.0,70300.0,17000.0,2980.0,20300.0,5960.0,9410.0,74100000.0,0.0,ChannelsC3X3.5
