,H_SectionID##SECTION_PROPERTY##TEXT,Width##SECTION_PROPERTY##MILLIMETERS,Height##SECTION_PROPERTY##MILLIMETERS,Flange Thickness##SECTION_PROPERTY##MILLIMETERS,Web Thickness##SECTION_PROPERTY##MILLIMETERS,Flange Fillet##SECTION_PROPERTY##MILLIMETERS,Top Web Fillet##SECTION_PROPERTY##MILLIMETERS,Web Fillet##SECTION_PROPERTY##MILLIMETERS,Centroid Horizontal##SECTION_PROPERTY##MILLIMETERS,Centroid Vertical##SECTION_PROPERTY##MILLIMETERS,Section Area##SECTION_AREA##SQUARE_MILLIMETERS,Perimeter##SURFACE_AREA##SQUARE_METERS_PER_METER,Nominal Weight##WEIGHT_PER_UNIT_LENGTH##KILOGRAMS_FORCE_PER_METER,Moment of Inertia strong axis##MOMENT_OF_INERTIA##MILLIMETERS_TO_THE_FOURTH_POWER,Moment of Inertia weak axis##MOMENT_OF_INERTIA##MILLIMETERS_TO_THE_FOURTH_POWER,Elastic Modulus strong axis##SECTION_MODULUS##CUBIC_MILLIMETERS,Elastic Modulus weak axis##SECTION_MODULUS##CUBIC_MILLIMETERS,Plastic Modulus strong axis##SECTION_MODULUS##CUBIC_MILLIMETERS,Plastic Modulus weak axis##SECTION_MODULUS##CUBIC_MILLIMETERS,Torsional Moment of Inertia##MOMENT_OF_INERTIA##MILLIMETERS_TO_THE_FOURTH_POWER,Warping Constant##WARPING_CONSTANT##MILLIMETERS_TO_THE_SIXTH_POWER,Bolt Spacing Shorter Flange##SECTION_DIMENSION##MILLIMETERS,Bolt Spacing 1 Longer Flange##SECTION_DIMENSION##MILLIMETERS,Bolt Spacing 2 Longer Flange##SECTION_DIMENSION##MILLIMETERS,Section Name Key##other##
H_SB_L51x51x3.2,L51x51x3.2,50.8,50.8,3.18,3.18,1.59,1.59,3.18,13.6,13.6,317.0,0.196,2.4,78700.0,78700.0,2110.0,2110.0,3770.0,3770.0,1220.0,212000.0,28.575,28.575,0.0,L2X2X1/8
H_SB_L51x51x4.8,L51x51x4.8,50.8,50.8,4.76,4.76,2.38,2.38,4.76,14.2,14.2,466.0,0.199,3.6,113000.0,113000.0,3080.0,3080.0,5540.0,5540.0,3830.0,682000.0,28.575,28.575,0.0,L2X2X3/16
H_SB_L51x51x6.4,L51x51x6.4,50.8,50.8,6.35,6.35,3.175,3.175,6.35,14.9,14.9,609.0,0.198,4.7,144000.0,144000.0,4000.0,4000.0,7210.0,7210.0,8700.0,1540000.0,28.575,28.575,0.0,L2X2X1/4
H_SB_L51x51x7.9,L51x51x7.9,50.8,50.8,7.94,7.94,3.97,3.97,7.94,15.5,15.5,748.0,0.197,5.8,172000.0,172000.0,4880.0,4880.0,8800.0,8800.0,16400.0,2850000.0,28.575,28.575,0.0,L2X2X5/16
H_SB_L51x51x9.5,L51x51x9.5,50.8,50.8,9.53,9.53,4.765,4.765,9.53,16.1,16.1,884.0,0.195,7.0,198000.0,198000.0,5700.0,5700.0,10300.0,10300.0,27400.0,4670000.0,28.575,28.575,0.0,L2X2X3/8
H_SB_L64x64x4.8,L64x64x4.8,63.5,63.5,4.76,4.76,2.38,2.38,4.76,17.4,17.4,581.0,0.25,4.6,223000.0,223000.0,4830.0,4830.0,8670.0,8670.0,4750.0,1370000.0,34.925,34.925,0.0,L2 1/2X2 1/2X3/16
H_SB_L64x64x6.4,L64x64x6.4,63.5,63.5,6.35,6.35,3.175,3.175,6.35,18.1,18.1,768.0,0.247,6.1,288000.0,288000.0,6340.0,6340.0,11400.0,11400.0,10900.0,3120000.0,34.925,34.925,0.0,L2 1/2X2 1/2X1/4
H_SB_L64x64x7.9,L64x64x7.9,63.5,63.5,7.94,7.94,3.97,3.97,7.94,18.7,18.7,942.0,0.25,7.4,348000.0,348000.0,7770.0,7770.0,14000.0,14000.0,20600.0,5850000.0,34.925,34.925,0.0,L2 1/2X2 1/2X5/16
H_SB_L64x64x9.5,L64x64x9.5,63.5,63.5,9.53,9.53,4.765,4.765,9.53,19.3,19.3,1120.0,0.248,8.7,405000.0,405000.0,9140.0,9140.0,16600.0,16600.0,34700.0,9720000.0,34.925,34.925,0.0,L2 1/2X2 1/2X3/8
H_SB_L64x64x12.7,L64x64x12.7,63.5,63.5,12.7,12.7,6.35,6.35,12.7,20.4,20.4,1460.0,0.25,11.4,508000.0,508000.0,11700.0,11700.0,21100.0,21100.0,78300.0,21200000.0,34.925,34.925,0.0,L2 1/2X2 1/2X1/2
H_SB_L76x76x4.8,L76x76x4.8,76.2,76.2,4.76,4.76,2.38,2.38,4.76,20.6,20.6,703.0,0.301,5.5,395000.0,395000.0,7100.0,7100.0,12700.0,12700.0,5660.0,2410000.0,44.45,44.45,0.0,L3X3X3/16
H_SB_L76x76x6.4,L76x76x6.4,76.2,76.2,6.35,6.35,3.175,3.175,6.35,21.2,21.2,929.0,0.301,7.3,512000.0,512000.0,9320.0,9320.0,16700.0,16700.0,13000.0,5530000.0,44.45,44.45,0.0,L3X3X1/4
H_SB_L76x76x7.9,L76x76x7.9,76.2,76.2,7.94,7.94,3.97,3.97,7.94,21.8,21.8,1150.0,0.298,9.1,624000.0,624000.0,11500.0,11500.0,20600.0,20600.0,24800.0,10500000.0,44.45,44.45,0.0,L3X3X5/16
H_SB_L76x76x9.5,L76x76x9.5,76.2,76.2,9.53,9.53,4.765,4.765,9.53,22.5,22.5,1360.0,0.301,10.7,728000.0,728000.0,13500.0,13500.0,24300.0,24300.0,42000.0,17500000.0,44.45,44.45,0.0,L3X3X3/8
H_SB_L76x76x11.1,L76x76x11.1,76.2,76.2,11.1,11.1,5.55,5.55,11.1,23.0,23.0,1570.0,0.298,12.4,824000.0,824000.0,15500.0,15500.0,27900.0,27900.0,65300.0,26900000.0,44.45,44.45,0.0,L3X3X7/16
H_SB_L76x76x12.7,L76x76x12.7,76.2,76.2,12.7,12.7,6.35,6.35,12.7,23.6,23.6,1780.0,0.298,14.0,916000.0,916000.0,17400.0,17400.0,31300.0,31300.0,95700.0,38700000.0,44.45,44.45,0.0,L3X3X1/2
H_SB_L89x89x6.4,L89x89x6.4,88.9,88.9,6.35,6.35,3.175,3.175,6.35,24.2,24.2,1100.0,0.349,8.6,832000.0,832000.0,12900.0,12900.0,23100.0,23100.0,16100.0,8970000.0,50.8,50.8,0.0,L3 1/2X3 1/2X1/4
H_SB_L89x89x7.9,L89x89x7.9,88.9,88.9,7.94,7.94,3.97,3.97,7.94,24.9,24.9,1350.0,0.348,10.7,1020000.0,1020000.0,15900.0,15900.0,28500.0,28500.0,30400.0,17000000.0,50.8,50.8,0.0,L3 1/2X3 1/2X5/16
H_SB_L89x89x9.5,L89x89x9.5,88.9,88.9,9.53,9.53,4.765,4.765,9.53,25.4,25.4,1610.0,0.351,12.6,1190000.0,1190000.0,18800.0,18800.0,33800.0,33800.0,51200.0,28500000.0,50.8,50.8,0.0,L3 1/2X3 1/2X3/8
H_SB_L89x89x11.1,L89x89x11.1,88.9,88.9,11.1,11.1,5.55,5.55,11.1,26.2,26.2,1860.0,0.351,14.6,1350000.0,1350000.0,21600.0,21600.0,38700.0,38700.0,79900.0,44000000.0,50.8,50.8,0.0,L3 1/2X3 1/2X7/16
H_SB_L89x89x12.7,L89x89x12.7,88.9,88.9,12.7,12.7,6.35,6.35,12.7,26.7,26.7,2100.0,0.351,16.5,1510000.0,1510000.0,24300.0,24300.0,43600.0,43600.0,117000.0,63900000.0,50.8,50.8,0.0,L3 1/2X3 1/2X1/2
H_SB_L102x102x6.4,L102x102x6.4,102.0,102.0,6.35,6.35,3.175,3.175,6.35,27.4,27.4,1250.0,0.402,9.8,1250000.0,1250000.0,16900.0,16900.0,29800.0,29800.0,18200.0,13600000.0,63.5,63.5,0.0,L4X4X1/4
H_SB_L102x102x7.9,L102x102x7.9,102.0,102.0,7.94,7.94,3.97,3.97,7.94,28.2,28.2,1550.0,0.402,12.2,1530000.0,1530000.0,20800.0,20800.0,37000.0,37000.0,34600.0,25900000.0,63.5,63.5,0.0,L4X4X5/16
H_SB_L102x102x9.5,L102x102x9.5,102.0,102.0,9.53,9.53,4.765,4.765,9.53,28.7,28.7,1850.0,0.399,14.6,1800000.0,1800000.0,24600.0,24600.0,44100.0,44100.0,58700.0,43500000.0,63.5,63.5,0.0,L4X4X3/8
H_SB_L102x102x11.1,L102x102x11.1,102.0,102.0,11.1,11.1,5.55,5.55,11.1,29.2,29.2,2130.0,0.402,16.8,2050000.0,2050000.0,28300.0,28300.0,50800.0,50800.0,91600.0,67700000.0,63.5,63.5,0.0,L4X4X7/16
H_SB_L102x102x12.7,L102x102x12.7,102.0,102.0,12.7,12.7,6.35,6.35,12.7,30.0,30.0,2420.0,0.402,19.0,2300000.0,2300000.0,32100.0,32100.0,57400.0,57400.0,134000.0,98300000.0,63.5,63.5,0.0,L4X4X1/2
H_SB_L102x102x15.9,L102x102x15.9,102.0,102.0,15.9,15.9,7.95,7.95,15.9,31.0,31.0,2970.0,0.402,23.4,2760000.0,2760000.0,39000.0,39000.0,70100.0,70100.0,254000.0,183000000.0,63.5,63.5,0.0,L4X4X5/8
H_SB_L102x102x19,L102x102x19,102.0,102.0,19.1,19.1,9.55,9.55,19.1,32.3,32.3,3510.0,0.404,27.5,3170000.0,3170000.0,45700.0,45700.0,82300.0,82300.0,425000.0,301000000.0,63.5,63.5,0.0,L4X4X3/4
H_SB_L127x127x7.9,L127x127x7.9,127.0,127.0,7.94,7.94,3.97,3.97,7.94,34.3,34.3,1980.0,0.505,15.3,3100000.0,3100000.0,33400.0,33400.0,59800.0,59800.0,45000.0,51800000.0,76.2,76.2,0.0,L5X5X5/16
H_SB_L127x127x9.5,L127x127x9.5,127.0,127.0,9.53,9.53,4.765,4.765,9.53,34.8,34.8,2350.0,0.505,18.3,3650000.0,3650000.0,39500.0,39500.0,71000.0,71000.0,76200.0,87800000.0,76.2,76.2,0.0,L5X5X3/8
H_SB_L127x127x11.1,L127x127x11.1,127.0,127.0,11.1,11.1,5.55,5.55,11.1,35.6,35.6,2720.0,0.5,21.3,4160000.0,4160000.0,45600.0,45600.0,81900.0,81900.0,118000.0,136000000.0,76.2,76.2,0.0,L5X5X7/16
H_SB_L127x127x12.7,L127x127x12.7,127.0,127.0,12.7,12.7,6.35,6.35,12.7,36.1,36.1,3090.0,0.501,24.1,4700000.0,4700000.0,51600.0,51600.0,92800.0,92800.0,174000.0,200000000.0,76.2,76.2,0.0,L5X5X1/2
H_SB_L127x127x15.9,L127x127x15.9,127.0,127.0,15.9,15.9,7.95,7.95,15.9,37.3,37.3,3810.0,0.502,29.8,5660000.0,5660000.0,63100.0,63100.0,114000.0,114000.0,330000.0,376000000.0,76.2,76.2,0.0,L5X5X5/8
H_SB_L127x127x19,L127x127x19,127.0,127.0,19.1,19.1,9.55,9.55,19.1,38.6,38.6,4500.0,0.505,35.1,6530000.0,6530000.0,74100.0,74100.0,133000.0,133000.0,554000.0,623000000.0,76.2,76.2,0.0,L5X5X3/4
H_SB_L127x127x22.2,L127x127x22.2,127.0,127.0,22.2,22.2,11.1,11.1,22.2,39.6,39.6,5160.0,0.503,40.5,7410000.0,7410000.0,84600.0,84600.0,153000.0,153000.0,862000.0,948000000.0,76.2,76.2,0.0,L5X5X7/8
H_SB_L152x152x7.9,L152x152x7.9,152.0,152.0,7.94,7.94,3.97,3.97,7.94,40.6,40.6,2370.0,0.604,18.5,5410000.0,5410000.0,48300.0,48300.0,86200.0,86200.0,53700.0,90800000.0,88.9,88.9,0.0,L6X6X5/16
H_SB_L152x152x9.5,L152x152x9.5,152.0,152.0,9.53,9.53,4.765,4.765,9.53,41.1,41.1,2830.0,0.602,22.2,6410000.0,6410000.0,57500.0,57500.0,103000.0,103000.0,90700.0,154000000.0,88.9,88.9,0.0,L6X6X3/8
H_SB_L152x152x11.1,L152x152x11.1,152.0,152.0,11.1,11.1,5.55,5.55,11.1,41.9,41.9,3280.0,0.605,25.6,7330000.0,7330000.0,66500.0,66500.0,119000.0,119000.0,142000.0,241000000.0,88.9,88.9,0.0,L6X6X7/16
H_SB_L152x152x12.7,L152x152x12.7,152.0,152.0,12.7,12.7,6.35,6.35,12.7,42.4,42.4,3720.0,0.603,29.2,8280000.0,8280000.0,75200.0,75200.0,135000.0,135000.0,209000.0,354000000.0,88.9,88.9,0.0,L6X6X1/2
H_SB_L152x152x14.3,L152x152x14.3,152.0,152.0,14.3,14.3,7.15,7.15,14.3,43.2,43.2,4160.0,0.605,32.6,9160000.0,9160000.0,83900.0,83900.0,150000.0,150000.0,293000.0,497000000.0,88.9,88.9,0.0,L6X6X9/16
H_SB_L152x152x15.9,L152x152x15.9,152.0,152.0,15.9,15.9,7.95,7.95,15.9,43.7,43.7,4600.0,0.605,36.0,10000000.0,10000000.0,92400.0,92400.0,166000.0,166000.0,398000.0,671000000.0,88.9,88.9,0.0,L6X6X5/8
H_SB_L152x152x19,L152x152x19,152.0,152.0,19.1,19.1,9.55,9.55,19.1,45.0,45.0,5460.0,0.606,42.7,11700000.0,11700000.0,109000.0,109000.0,195000.0,195000.0,670000.0,1120000000.0,88.9,88.9,0.0,L6X6X3/4
H_SB_L152x152x22.2,L152x152x22.2,152.0,152.0,22.2,22.2,11.1,11.1,22.2,46.0,46.0,6290.0,0.605,49.3,13300000.0,13300000.0,125000.0,125000.0,225000.0,225000.0,1040000.0,1720000000.0,88.9,88.9,0.0,L6X6X7/8
H_SB_L152x152x25.4,L152x152x25.4,152.0,152.0,25.4,25.4,12.7,12.7,25.4,47.2,47.2,7100.0,0.605,55.7,14700000.0,14700000.0,140000.0,140000.0,252000.0,252000.0,1530000.0,2480000000.0,88.9,88.9,0.0,L6X6X1
H_SB_L203x203x12.7,L203x203x12.7,203.0,203.0,12.7,12.7,6.35,6.35,12.7,55.1,55.1,5060.0,0.808,39.3,20300000.0,20300000.0,137000.0,137000.0,247000.0,247000.0,284000.0,867000000.0,114.3,114.3,0.0,L8X8X1/2
H_SB_L203x203x14.3,L203x203x14.3,203.0,203.0,14.3,14.3,7.15,7.15,14.3,55.6,55.6,5660.0,0.809,44.0,22600000.0,22600000.0,153000.0,153000.0,275000.0,275000.0,400000.0,1220000000.0,114.3,114.3,0.0,L8X8X9/16
H_SB_L203x203x15.9,L203x203x15.9,203.0,203.0,15.9,15.9,7.95,7.95,15.9,56.1,56.1,6250.0,0.809,48.7,24800000.0,24800000.0,169000.0,169000.0,305000.0,305000.0,541000.0,1650000000.0,114.3,114.3,0.0,L8X8X5/8
H_SB_L203x203x19,L203x203x19,203.0,203.0,19.1,19.1,9.55,9.55,19.1,57.4,57.4,7420.0,0.809,57.9,29100000.0,29100000.0,200000.0,200000.0,361000.0,361000.0,920000.0,2790000000.0,114.3,114.3,0.0,L8X8X3/4
H_SB_L203x203x22.2,L203x203x22.2,203.0,203.0,22.2,22.2,11.1,11.1,22.2,58.7,58.7,8580.0,0.809,67.0,33200000.0,33200000.0,229000.0,229000.0,415000.0,415000.0,1440000.0,4320000000.0,114.3,114.3,0.0,L8X8X7/8
H_SB_L203x203x25.4,L203x203x25.4,203.0,203.0,25.4,25.4,12.7,12.7,25.4,59.9,59.9,9740.0,0.807,75.9,37100000.0,37100000.0,259000.0,259000.0,467000.0,467000.0,2110000.0,6280000000.0,114.3,114.3,0.0,L8X8X1
H_SB_L203x203x28.6,L203x203x28.6,203.0,203.0,28.6,28.6,14.3,14.3,28.6,61.0,61.0,10800.0,0.808,84.7,40800000.0,40800000.0,287000.0,287000.0,518000.0,518000.0,2970000.0,8730000000.0,114.3,114.3,0.0,L8X8X1 1/8
H_SB_L254x254x19.1,L254x254x19.1,254.0,254.0,19.1,19.1,9.0,9.0,18.0,69.8,69.8,9310.0,0.992,73.1,57070000.0,57070000.0,309800.0,309800.0,0.0,0.0,0.0,0.0,0.0,0.0,0.0,L10X10X3/4
H_SB_L254x254x22.2,L254x254x22.2,254.0,254.0,22.2,22.2,9.0,9.0,18.0,71.0,71.0,10800.0,0.992,84.6,65490000.0,65490000.0,357900.0,357900.0,0.0,0.0,0.0,0.0,0.0,0.0,0.0,L10X10X7/8
H_SB_L254x254x25.4,L254x254x25.4,254.0,254.0,25.4,25.4,9.0,9.0,18.0,72.3,72.3,12300.0,0.992,96.2,73740000.0,73740000.0,405800.0,405800.0,0.0,0.0,0.0,0.0,0.0,0.0,0.0,L10X10X1
H_SB_L254x254x28.6,L254x254x28.6,254.0,254.0,28.6,28.6,9.0,9.0,18.0,73.5,73.5,13700.0,0.992,108.0,81680000.0,81680000.0,452600.0,452600.0,0.0,0.0,0.0,0.0,0.0,0.0,0.0,L10X10X1 1/8
H_SB_L254x254x31.8,L254x254x31.8,254.0,254.0,31.8,31.8,9.0,9.0,18.0,74.7,74.7,15100.0,0.992,119.0,89330000.0,89330000.0,498300.0,498300.0,0.0,0.0,0.0,0.0,0.0,0.0,0.0,L10X10X1 1/4
H_SB_L254x254x34.9,L254x254x34.9,254.0,254.0,34.9,34.9,9.0,9.0,18.0,75.9,75.9,16500.0,0.992,130.0,96480000.0,96480000.0,541700.0,541700.0,0.0,0.0,0.0,0.0,0.0,0.0,0.0,L10X10X1 3/8
H_SB_L305x305x25.4,L305x305x25.4,305.0,305.0,25.4,25.4,12.7,12.7,18.0,84.8,84.8,14700.0,1.183,116.0,129200000.0,129200000.0,587100.0,587100.0,0.0,0.0,0.0,0.0,0.0,0.0,0.0,L12X12X1
H_SB_L305x305x28.6,L305x305x28.6,305.0,305.0,28.6,28.6,12.7,12.7,18.0,86.0,86.0,16500.0,1.183,130.0,143700000.0,143700000.0,656700.0,656700.0,0.0,0.0,0.0,0.0,0.0,0.0,0.0,L12X12X1 1/8
H_SB_L305x305x31.8,L305x305x31.8,305.0,305.0,31.8,31.8,12.7,12.7,18.0,87.3,87.3,18300.0,1.183,143.0,157700000.0,157700000.0,725000.0,725000.0,0.0,0.0,0.0,0.0,0.0,0.0,0.0,L12X12X1 1/4
H_SB_L305x305x34.9,L305x305x34.9,305.0,305.0,34.9,34.9,12.7,12.7,18.0,88.5,88.5,19900.0,1.183,157.0,170900000.0,170900000.0,789900.0,789900.0,0.0,0.0,0.0,0.0,0.0,0.0,0.0,L12X12X1 3/8
