,Width##SECTION_PROPERTY##MILLIMETERS,Height##SECTION_PROPERTY##MILLIMETERS,Flange Thickness##SECTION_PROPERTY##MILLIMETERS,Web Thickness##SECTION_PROPERTY##MILLIMETERS,Web Fillet##SECTION_PROPERTY##MILLIMETERS,Centroid Vertical##SECTION_PROPERTY##MILLIMETERS,Section Area##SECTION_AREA##SQUARE_MILLIMETERS,Nominal Weight##WEIGHT_PER_UNIT_LENGTH##KILOGRAMS_FORCE_PER_METER,Moment of Inertia strong axis##MOMENT_OF_INERTIA##MILLIMETERS_TO_THE_FOURTH_POWER,Moment of Inertia weak axis##MOMENT_OF_INERTIA##MILLIMETERS_TO_THE_FOURTH_POWER,Elastic Modulus strong axis##SECTION_MODULUS##CUBIC_MILLIMETERS,Elastic Modulus weak axis##SECTION_MODULUS##CUBIC_MILLIMETERS,Plastic Modulus strong axis##SECTION_MODULUS##CUBIC_MILLIMETERS,Plastic Modulus weak axis##SECTION_MODULUS##CUBIC_MILLIMETERS,Torsional Moment of Inertia##MOMENT_OF_INERTIA##MILLIMETERS_TO_THE_FOURTH_POWER,Warping Constant##WARPING_CONSTANT##MILLIMETERS_TO_THE_SIXTH_POWER,Bolt Spacing##SECTION_DIMENSION##MILLIMETERS,Section Name Key##other##
H_SB_WT550x249.5,404,559,45,26.2,20,419,31700,250,903000000,250000000,2150000,1230000,3830000,1930000,15500000,1.18E+11,139.7,WT22X167.5
H_SB_WT550x216.5,401,554,40.1,22,19.8,420,27500,216,762000000,217000000,1820000,1080000,3210000,1670000,10600000,73800000000,139.7,WT22X145
H_SB_WT550x195,401,551,36.1,19.9,19.8,419,24800,195,683000000,192000000,1630000,960000,2880000,1490000,7740000,53700000000,139.7,WT22X131
H_SB_WT550x171.5,401,546,31,18,20.1,415,21900,172,599000000,166000000,1450000,828000,2570000,1280000,5160000,37300000000,139.7,WT22X115
H_SB_WT500x441.5,424,546,82,45.5,30,402,56300,442,1380000000,524000000,3420000,2470000,6210000,3930000,92000000,6.28E+11,190.5,WT20X296.5
H_SB_WT500x374,417,533,70.1,39.1,29.9,396,47700,374,1140000000,425000000,2850000,2030000,5150000,3230000,57400000,3.76E+11,190.5,WT20X251.5
H_SB_WT500x321,411,523,59.9,34,30,391,40800,321,953000000,351000000,2430000,1700000,4360000,2690000,36700000,2.37E+11,190.5,WT20X215.5
H_SB_WT500x295.5,409,521,55.9,31,30,393,37600,296,862000000,321000000,2200000,1570000,3930000,2460000,29400000,1.82E+11,190.5,WT20X198.5
H_SB_WT500x277,409,516,52.1,29.5,29.9,390,35300,277,803000000,295000000,2060000,1450000,3690000,2260000,24000000,1.50E+11,190.5,WT20X186
H_SB_WT500x269.5,406,516,51.1,28.4,29.9,391,34300,270,778000000,288000000,2000000,1410000,3560000,2210000,22600000,1.37E+11,190.5,WT20X181
H_SB_WT500x241.5,404,511,46,25.4,29.9,390,30800,242,687000000,253000000,1770000,1260000,3150000,1950000,16500000,97200000000,190.5,WT20X162
H_SB_WT500x221.5,401,505,41.9,23.6,30,385,28100,222,624000000,227000000,1620000,1130000,2880000,1750000,12700000,74900000000,190.5,WT20X148.5
H_SB_WT500x206,401,503,40.1,21.1,30,389,26300,206,566000000,217000000,1450000,1080000,2570000,1670000,10700000,58500000000,190.5,WT20X138.5
H_SB_WT500x185.5,401,500,36.1,19.1,29.9,388,23700,186,504000000,193000000,1300000,964000,2290000,1490000,7910000,42400000000,190.5,WT20X124.5
H_SB_WT500x160.5,401,495,31,16.5,30,386,20500,160,429000000,166000000,1110000,828000,1970000,1270000,5160000,27100000000,190.5,WT20X107.5
H_SB_WT500x148,401,490,27.2,16.5,30,376,18800,148,411000000,144000000,1090000,723000,1920000,1120000,3800000,22400000000,190.5,WT20X99.5
H_SB_WT500x292,315,528,64,36.1,30,377,37300,292,945000000,167000000,2510000,1060000,4510000,1740000,35500000,2.14E+11,190.5,WT20X196
H_SB_WT500x247,310,518,54.1,31,30,372,31500,247,783000000,134000000,2100000,867000,3790000,1400000,21900000,1.30E+11,190.5,WT20X165.5
H_SB_WT500x243,307,518,54.1,30,30,374,30900,243,766000000,133000000,2050000,864000,3670000,1390000,21400000,1.21E+11,190.5,WT20X163.5
H_SB_WT500x219,305,513,49,26.9,30,373,27800,219,678000000,117000000,1820000,765000,3260000,1230000,15900000,86500000000,190.5,WT20X147
H_SB_WT500x207.5,305,511,46,26.2,29.9,371,26500,208,645000000,109000000,1740000,713000,3130000,1150000,13500000,75700000000,190.5,WT20X139
H_SB_WT500x196.5,302,508,43.9,24.4,30,371,25000,196,604000000,102000000,1630000,677000,2920000,1080000,11600000,62600000000,190.5,WT20X132
H_SB_WT500x175,302,503,40.1,21.1,30,372,22300,175,524000000,92400000,1400000,611000,2510000,967000,8570000,41900000000,190.5,WT20X117.5
H_SB_WT500x157,300,500,36.1,19.1,29.9,371,20100,157,466000000,81200000,1260000,541000,2250000,854000,6330000,30300000000,190.5,WT20X105.5
H_SB_WT500x136,300,495,30.5,16.5,30,369,17200,136,398000000,68700000,1080000,459000,1920000,721000,4020000,19100000000,190.5,WT20X91.5
H_SB_WT500x124.5,300,490,26.2,16.5,29.9,358,15800,125,374000000,58700000,1040000,392000,1880000,619000,2910000,16900000000,190.5,WT20X83.5
H_SB_WT500x111,300,485,21.1,16,30,347,14100,111,339000000,47500000,978000,318000,1770000,506000,1940000,13900000000,190.5,WT20X74.5
H_SB_WT460x485,447,521,89.9,50,24.1,385,62100,485,1320000000,670000000,3410000,3020000,6280000,4750000,123000000,8.24E+11,190.5,WT18X326
H_SB_WT460x393.5,437,505,73.9,40.9,24.1,379,50200,394,1020000000,516000000,2690000,2380000,4880000,3720000,67800000,4.30E+11,190.5,WT18X264.5
H_SB_WT460x362.5,434,500,68.1,38.1,24.1,377,46300,362,924000000,466000000,2460000,2150000,4460000,3380000,53300000,3.36E+11,190.5,WT18X243.5
H_SB_WT460x328,432,493,62,34.5,24.1,374,41900,328,824000000,415000000,2200000,1920000,3970000,3020000,40200000,2.45E+11,190.5,WT18X220.5
H_SB_WT460x294,427,488,55.9,31,24.1,373,37500,294,724000000,365000000,1950000,1700000,3490000,2650000,29400000,1.75E+11,190.5,WT18X197.5
H_SB_WT460x268.5,424,483,51.1,28.4,24.1,371,34200,268,653000000,327000000,1750000,1540000,3150000,2390000,22500000,1.32E+11,190.5,WT18X180.5
H_SB_WT460x245.5,422,478,47,25.9,24.1,369,31200,246,587000000,296000000,1590000,1400000,2830000,2160000,17500000,99900000000,190.5,WT18X165
H_SB_WT460x224.5,424,475,42.7,24,24.1,368,28700,224,533000000,270000000,1460000,1270000,2590000,1970000,13400000,76500000000,190.5,WT18X151
H_SB_WT460x210,422,472,39.9,22.5,24.1,366,26800,210,495000000,249000000,1350000,1180000,2390000,1840000,10900000,62000000000,190.5,WT18X141
H_SB_WT460x195,422,467,36.6,21.3,24.1,362,24800,195,462000000,227000000,1270000,1080000,2250000,1670000,8660000,49700000000,190.5,WT18X131
H_SB_WT460x184,419,465,34.3,20.3,24.1,360,23400,184,433000000,211000000,1200000,1010000,2110000,1550000,7200000,41600000000,190.5,WT18X123.5
H_SB_WT460x171.9,419,464,32,19.3,24.1,360,22000,172,407000000,196000000,1130000,934000,2000000,1440000,5950000,34600000000,190.5,WT18X115.5
H_SB_WT460x190.5,310,475,43.9,24.4,19.1,350,24300,190,504000000,110000000,1430000,708000,2560000,1120000,11000000,55000000000,139.7,WT18X128
H_SB_WT460x172.5,307,472,39.9,22.1,19,350,21900,172,450000000,97400000,1290000,633000,2290000,998000,8200000,40500000000,139.7,WT18X116
H_SB_WT460x156.5,310,465,34.5,21.1,19.1,341,19900,156,410000000,85700000,1200000,554000,2150000,875000,5790000,32000000000,139.7,WT18X105
H_SB_WT460x144.5,307,462,32,19.4,19.1,340,18400,144,375000000,77800000,1100000,506000,1970000,800000,4620000,24900000000,139.7,WT18X97
H_SB_WT460x135.5,307,462,30,18.4,19,341,17300,136,352000000,72400000,1030000,472000,1850000,742000,3830000,20800000000,139.7,WT18X91
H_SB_WT460x126.5,305,460,27.9,17.3,19.1,340,16100,126,327000000,66600000,965000,436000,1720000,685000,3130000,17000000000,139.7,WT18X85
H_SB_WT460x119,305,457,25.9,16.5,19.1,337,15200,119,308000000,61200000,914000,403000,1640000,633000,2570000,14400000000,139.7,WT18X80
H_SB_WT460x111.5,305,455,23.9,15.9,19,334,14300,112,291000000,56200000,870000,369000,1560000,580000,2100000,12400000000,139.7,WT18X75
H_SB_WT460x100.5,305,452,20.1,15.2,19,326,12800,100,265000000,47000000,814000,310000,1480000,488000,1450000,10000000000,139.7,WT18X67.5
H_SB_WT420x288,411,457,57.9,32,20.1,349,36800,288,608000000,337000000,1750000,1640000,3160000,2560000,30800000,1.65E+11,139.7,WT16.5X193.5
H_SB_WT420x263.5,409,452,53.1,29.5,20.1,347,33600,264,549000000,303000000,1590000,1480000,2850000,2310000,23800000,1.26E+11,139.7,WT16.5X177
H_SB_WT420x236.5,406,447,48,26.4,20.1,345,30200,237,483000000,268000000,1410000,1320000,2520000,2050000,17500000,90000000000,139.7,WT16.5X159
H_SB_WT420x216.5,404,442,43.9,24.4,20.1,342.2,27600,216,441000000,242000000,1280000,1200000,2290000,1850000,13500000,68700000000,139.7,WT16.5X145.5
H_SB_WT420x196,401,439,39.9,22.1,20,341.7,25000,196,393000000,215000000,1150000,1070000,2050000,1660000,10100000,50500000000,139.7,WT16.5X131.5
H_SB_WT420x179.5,404,434,35.6,21.1,20,336.5,23000,180,363000000,194000000,1080000,964000,1900000,1490000,7490000,39200000000,139.7,WT16.5X120.5
H_SB_WT420x164.5,401,432,32.5,19.7,19.8,335.2,21000,164,333000000,175000000,996000,872000,1750000,1350000,5790000,30300000000,139.7,WT16.5X110.5
H_SB_WT420x149.5,399,427,29.2,18.2,20.1,331.2,19200,150,302000000,156000000,909000,780000,1600000,1200000,4330000,22800000000,139.7,WT16.5X100.5
H_SB_WT420x125.5,292,429,31,17,17.8,322,15900,125,270000000,64500000,837000,442000,1490000,690000,3670000,14900000000,139.7,WT16.5X84.5
H_SB_WT420x113,295,424,26.9,16.1,17.8,316,14500,113,246000000,56600000,777000,387000,1380000,605000,2560000,11500000000,139.7,WT16.5X76
H_SB_WT420x105,292,424,24.4,15.4,17.8,315,13400,105,230000000,51200000,733000,349000,1310000,547000,2010000,9510000000,139.7,WT16.5X70.5
H_SB_WT420x96.5,292,419,21.7,14.7,17.9,308,12300,96.5,214000000,45400000,690000,310000,1240000,487000,1530000,7870000000,139.7,WT16.5X65
H_SB_WT420x88,292,417,18.8,14,17.8,303,11200,88,195000000,38900000,642000,267000,1160000,420000,1100000,6280000000,139.7,WT16.5X59
H_SB_WT380x291,396,422,62,34.5,20,320,37200,291,508000000,322000000,1590000,1630000,2900000,2540000,35900000,1.71E+11,139.7,WT15X195.5
H_SB_WT380x265.5,394,417,56.9,31.5,20.1,318.7,33900,266,454000000,288000000,1430000,1470000,2610000,2290000,27700000,1.28E+11,139.7,WT15X178.5
H_SB_WT380x242,391,411,52.1,29,20,315.5,31000,242,408000000,259000000,1290000,1330000,2340000,2060000,21300000,96900000000,139.7,WT15X163
H_SB_WT380x217,389,406,47,25.9,20.1,314.1,27700,217,358000000,229000000,1140000,1180000,2050000,1820000,15600000,69000000000,139.7,WT15X146
H_SB_WT380x194.5,386,401,41.9,23.6,20.1,311.1,24800,194,318000000,200000000,1020000,1040000,1840000,1600000,11200000,49400000000,139.7,WT15X130.5
H_SB_WT380x175,384,399,38.1,21.1,20.1,312.4,22400,175,281000000,178000000,903000,931000,1610000,1430000,8370000,35700000000,139.7,WT15X117.5
H_SB_WT380x157,384,394,33.5,19.7,19.8,307.9,20100,157,254000000,157000000,828000,821000,1470000,1270000,5870000,25900000000,139.7,WT15X105.5
H_SB_WT380x142,381,389,30.2,18,19.8,304.2,18100,142,229000000,140000000,749000,733000,1320000,1130000,4370000,19100000000,139.7,WT15X95.5
H_SB_WT380x128.5,381,386,27.2,16.6,19.8,301.9,16400,128,207000000,124000000,683000,654000,1200000,1010000,3240000,14200000000,139.7,WT15X86.5
H_SB_WT380x110,267,389,30,16.5,16.5,291.5,14100,110,194000000,47500000,665000,356000,1180000,556000,3010000,10100000000,139.7,WT15X74
H_SB_WT380x98,267,386,25.4,15.6,16.5,286.9,12600,98,175000000,40800000,613000,305000,1090000,479000,2020000,7650000000,139.7,WT15X66
H_SB_WT380x92.5,267,384,23.6,14.9,16.5,284.9,11700,92.5,165000000,37600000,578000,282000,1030000,442000,1660000,6420000000,139.7,WT15X62
H_SB_WT380x86.5,267,381,21.6,14.4,16.5,281,11000,86.5,155000000,34200000,552000,256000,990000,403000,1340000,5500000000,139.7,WT15X58
H_SB_WT380x80.5,267,378,19.3,13.8,16.5,276,10300,80.5,145000000,30400000,524000,228000,946000,359000,1040000,4650000000,139.7,WT15X54
H_SB_WT380x73.5,267,376,17,13.2,16.5,272,9350,73.5,134000000,26600000,492000,200000,891000,316000,783000,3840000000,139.7,WT15X49.5
H_SB_WT380x67,264,376,15.5,11.9,16.5,273,8520,67,121000000,23900000,444000,180000,803000,283000,587000,2820000000,139.7,WT15X45
H_SB_WT345x401,389,414,89.9,50,20.1,304,51200,401,637000000,441000000,2100000,2260000,3970000,3570000,103000000,4.67E+11,139.7,WT13.5X269.5
H_SB_WT345x274,373,386,63,35.1,20.1,291.8,35000,274,391000000,273000000,1340000,1460000,2470000,2290000,35200000,1.43E+11,139.7,WT13.5X184
H_SB_WT345x250,371,381,57.9,32,20.1,290.1,31900,250,349000000,244000000,1200000,1320000,2210000,2060000,27200000,1.08E+11,139.7,WT13.5X168
H_SB_WT345x228.5,366,376,53.1,29.5,20.1,287.9,29200,228,313000000,219000000,1090000,1190000,1980000,1850000,21000000,81600000000,139.7,WT13.5X153.5
H_SB_WT345x209.5,366,371,49,26.9,20.1,285.9,26800,210,282000000,199000000,982000,1090000,1790000,1690000,16500000,62300000000,139.7,WT13.5X140.5
H_SB_WT345x192,363,368,45,24.9,20,284.9,24600,192,255000000,179000000,896000,987000,1620000,1530000,12800000,47800000000,139.7,WT13.5X129
H_SB_WT345x175,361,363,40.9,23.1,20.1,281.7,22400,175,231000000,160000000,819000,888000,1470000,1370000,9740000,36300000000,139.7,WT13.5X117.5
H_SB_WT345x161.5,358,361,38.1,21.1,20.1,282.3,20600,162,209000000,147000000,741000,818000,1330000,1260000,7830000,28200000000,139.7,WT13.5X108.5
H_SB_WT345x144.5,356,358,34,19.1,20.1,281.3,18500,145,185000000,129000000,660000,723000,1180000,1110000,5620000,20000000000,139.7,WT13.5X97
H_SB_WT345x132.5,358,353,30.2,18.4,20.1,275.8,17000,132,172000000,116000000,626000,646000,1110000,996000,4160000,15500000000,139.7,WT13.5X89
H_SB_WT345x120,356,351,27.4,16.8,20.1,275.3,15400,120,155000000,103000000,564000,580000,996000,893000,3130000,11500000000,139.7,WT13.5X80.5
H_SB_WT345x108.5,356,348,24.8,15.4,19.9,273.3,13900,108,140000000,92400000,511000,519000,901000,800000,2340000,8510000000,139.7,WT13.5X73
H_SB_WT345x96,254,351,27.9,15.5,15.3,264.9,12200,96,134000000,38400000,508000,302000,903000,472000,2310000,6440000000,139.7,WT13.5X64.5
H_SB_WT345x85,257,345,23.6,14.5,15.3,258.1,10800,85,120000000,33000000,464000,259000,826000,403000,1520000,4700000000,139.7,WT13.5X57
H_SB_WT345x76,254,343,21.1,13.1,15.2,257.4,9680,76,107000000,29000000,415000,228000,737000,356000,1090000,3380000000,139.7,WT13.5X51
H_SB_WT345x70,254,343,18.9,12.4,15.1,256.4,8900,70,99500000,25800000,390000,203000,695000,318000,837000,2740000000,139.7,WT13.5X47
H_SB_WT345x62.5,254,340,16.3,11.7,15.2,251.6,8000,62.5,89900000,22000000,359000,174000,642000,272000,583000,2090000000,139.7,WT13.5X42
H_SB_WT305x275.5,348,356,69.1,38.6,12.7,265.3,35200,276,324000000,242000000,1220000,1390000,2290000,2180000,41600000,1.49E+11,139.7,WT12X185
H_SB_WT305x249,343,351,63,35.1,12.7,264.1,31700,249,286000000,214000000,1090000,1240000,2020000,1950000,31500000,1.09E+11,139.7,WT12X167.5
H_SB_WT305x227.5,340,345,57.9,32,12.7,261.4,29000,228,254000000,191000000,973000,1120000,1800000,1750000,24300000,81900000000,139.7,WT12X153
H_SB_WT305x207.5,338,340,53.1,29.5,12.7,259.2,26500,208,227000000,171000000,878000,1010000,1620000,1580000,18800000,61800000000,139.7,WT12X139.5
H_SB_WT305x186,335,335,48,26.4,12.7,257.5,23700,186,199000000,151000000,773000,900000,1420000,1400000,13800000,44300000000,139.7,WT12X125
H_SB_WT305x170.5,333,330,43.9,24.4,12.7,254.8,21700,170,179000000,136000000,703000,814000,1280000,1260000,10600000,33600000000,139.7,WT12X114.5
H_SB_WT305x153.5,330,328,39.9,22.1,12.7,255.1,19500,154,159000000,120000000,628000,728000,1140000,1120000,7950000,24500000000,139.7,WT12X103.5
H_SB_WT305x142.5,330,323,37.1,20.6,12.7,251.9,18200,142,146000000,110000000,577000,670000,1040000,1030000,6370000,19500000000,139.7,WT12X96
H_SB_WT305x131,328,320,34,19.1,12.7,250.4,16600,131,133000000,99900000,528000,610000,947000,939000,4950000,15000000000,139.7,WT12X88
H_SB_WT305x120.5,330,318,31,17.9,12.7,249.4,15400,120,122000000,92000000,490000,560000,873000,862000,3840000,11800000000,139.7,WT12X81
H_SB_WT305x108.5,328,315,27.7,16.5,12.7,247.4,13900,108,110000000,81200000,446000,497000,790000,764000,2790000,8570000000,139.7,WT12X73
H_SB_WT305x97.5,328,310,24.4,15.4,12.7,242.7,12500,97.5,99100000,70800000,406000,434000,719000,667000,1970000,6200000000,139.7,WT12X65.5
H_SB_WT305x87,325,307,21.6,14,12.7,240.5,11100,87,88200000,62000000,365000,380000,642000,585000,1390000,4400000000,139.7,WT12X58.5
H_SB_WT305x77.5,325,305,19.1,12.7,12.7,239.2,9870,77.5,78700000,54100000,328000,333000,575000,511000,978000,3120000000,139.7,WT12X52
H_SB_WT305x76.5,229,312,24.9,14,12.7,235.5,9740,76.5,84900000,24800000,361000,218000,642000,339000,1470000,3300000000,139.7,WT12X51.5
H_SB_WT305x70,230,310,22.2,13.1,12.9,234.1,8900,70,77400000,22700000,333000,197000,592000,306000,1090000,2570000000,139.7,WT12X47
H_SB_WT305x62.5,229,307,19.6,11.9,12.7,231.6,8000,62.5,69100000,19600000,300000,172000,533000,267000,766000,1850000000,139.7,WT12X42
H_SB_WT305x56.5,228,305,17.3,11.2,12.7,228.8,7230,56.5,62900000,17200000,277000,150000,493000,234000,558000,1420000000,139.7,WT12X38
H_SB_WT305x50.5,228,302,14.9,10.5,12.8,224.3,6450,50.5,57000000,14700000,256000,129000,457000,202000,388000,1100000000,139.7,WT12X34
H_SB_WT305x46,179,302,15,10.9,12.7,214.1,5880,46,54500000,7160000,256000,80300,465000,129000,354000,1050000000,88.9,WT12X31
H_SB_WT305x41,178,300,12.8,10,12.9,211.1,5230,41,48700000,6040000,231000,68000,420000,109000,245000,787000000,88.9,WT12X27.5
H_SB_WT265x150,320,292,41.4,23.1,12.7,226.7,19100,150,119000000,113000000,523000,706000,960000,1090000,8490000,22900000000,139.7,WT10.5X100.5
H_SB_WT265x136,318,290,37.6,21.1,12.7,227,17300,136,105000000,100000000,467000,633000,854000,975000,6370000,16900000000,139.7,WT10.5X91
H_SB_WT265x124,315,284,34.5,19.1,12.7,223.3,15700,124,94100000,90300000,418000,574000,759000,883000,4910000,12700000000,139.7,WT10.5X83
H_SB_WT265x109.5,318,279,29.2,18.3,12.7,218.3,13900,110,84900000,78300000,388000,492000,695000,759000,3200000,8730000000,139.7,WT10.5X73.5
H_SB_WT265x98,315,277,26.4,16.5,12.7,217.8,12500,98,75300000,69100000,346000,438000,616000,674000,2340000,6280000000,139.7,WT10.5X66
H_SB_WT265x91,315,274,24.4,15.2,12.7,216.1,11500,91,69100000,63300000,316000,403000,562000,619000,1860000,4940000000,139.7,WT10.5X61
H_SB_WT265x82.5,312,274,22.2,14,12.9,217.4,10500,82.5,62400000,57000000,287000,364000,508000,559000,1420000,3710000000,139.7,WT10.5X55.5
H_SB_WT265x75,312,272,20.3,12.7,12.7,216.6,9610,75,56200000,51600000,259000,331000,457000,505000,1080000,2790000000,139.7,WT10.5X50.5
H_SB_WT265x69,214,274,23.6,14.7,12.7,204.4,8840,69,59900000,19300000,293000,180000,521000,283000,1250000,2510000000,139.7,WT10.5X46.5
H_SB_WT265x61.5,212,272,21.2,13.1,12.8,204.4,7870,61.5,52900000,16900000,257000,160000,459000,249000,899000,1750000000,139.7,WT10.5X41.5
H_SB_WT265x54.5,211,269,18.8,11.6,12.7,203,6900,54.5,45800000,14700000,226000,139000,400000,218000,629000,1190000000,139.7,WT10.5X36.5
H_SB_WT265x50.5,210,269,17.4,10.9,12.8,203.2,6450,50.5,42900000,13500000,211000,128000,375000,200000,508000,972000000,139.7,WT10.5X34
H_SB_WT265x46,209,267,15.6,10.2,12.8,201.5,5890,46,39000000,11900000,195000,114000,346000,179000,380000,747000000,139.7,WT10.5X31
H_SB_WT265x41,209,264,13.3,9.53,12.6,196.9,5230,41,35100000,10100000,179000,96500,318000,150000,257000,559000000,139.7,WT10.5X27.5
H_SB_WT265x36,207,262,10.9,8.89,12.7,192.4,4560,36,31200000,8070000,162000,78000,292000,122000,166000,408000000,139.7,WT10.5X24
H_SB_WT265x42.5,167,267,16.5,10.3,12.7,194.6,5400,42.5,37600000,6370000,193000,76500,347000,121000,368000,671000000,88.9,WT10.5X28.5
H_SB_WT265x37,166,264,13.6,9.65,12.8,189.6,4750,37,33400000,5200000,175000,62600,318000,99600,237000,508000000,88.9,WT10.5X25
H_SB_WT265x33,165,262,11.4,8.89,12.7,186.3,4190,33,29600000,4290000,159000,52100,288000,83100,159000,376000000,88.9,WT10.5X22
H_SB_WT230x232,305,284,69.6,38.6,12.7,209.6,29500,232,159000000,166000000,764000,1080000,1480000,1700000,36300000,91000000000,139.7,WT9X155.5
H_SB_WT230x210.5,302,277,63.5,35.6,12.7,205.9,26900,210,140000000,147000000,680000,970000,1310000,1520000,27700000,67400000000,139.7,WT9X141.5
H_SB_WT230x192,300,272,58.4,32.5,10.2,203.9,24500,192,124000000,131000000,606000,875000,1160000,1360000,21300000,50800000000,139.7,WT9X129
H_SB_WT230x174.5,297,267,53.6,29.5,10.2,202.2,22100,174,109000000,116000000,536000,785000,1020000,1220000,16300000,37600000000,139.7,WT9X117
H_SB_WT230x157.5,295,262,48.5,26.9,10.2,200,20100,158,95300000,102000000,477000,700000,901000,1080000,12100000,27400000000,139.7,WT9X105.5
H_SB_WT230x143,292,259,44.5,24.4,10.1,199.6,18100,143,84100000,91600000,423000,629000,795000,973000,9280000,20300000000,139.7,WT9X96
H_SB_WT230x130,290,254,40.4,22.6,10.1,196.6,16600,130,75300000,81600000,383000,564000,714000,870000,6990000,15200000000,139.7,WT9X87.5
H_SB_WT230x117.5,287,250,36.6,20.6,10.1,194.9,15000,118,66600000,72400000,341000,503000,631000,777000,5200000,11100000000,139.7,WT9X79
H_SB_WT230x106.5,284,248,33.5,18.5,10.2,194.9,13500,106,59100000,64900000,303000,454000,557000,700000,3990000,8240000000,139.7,WT9X71.5
H_SB_WT230x96.5,284,245,30.5,17,10.1,193.7,12400,96.5,52900000,57900000,274000,408000,500000,628000,3010000,6120000000,139.7,WT9X65
H_SB_WT230x88.5,287,241,26.9,16.6,10.2,189.4,11400,88.5,49500000,52400000,261000,369000,470000,565000,2210000,4670000000,139.7,WT9X59.5
H_SB_WT230x79,284,238,23.9,15,10.1,188,10100,79,43300000,45800000,231000,323000,413000,495000,1550000,3250000000,139.7,WT9X53
H_SB_WT230x72,282,236,22.1,13.6,10.2,187.5,9160,72,39000000,41600000,208000,295000,370000,452000,1220000,2490000000,139.7,WT9X48.5
H_SB_WT230x64,282,234,19.6,12.2,10.1,186.8,8190,64,34300000,36500000,184000,259000,326000,397000,849000,1720000000,139.7,WT9X43
H_SB_WT230x56.5,279,231,17.3,10.8,10.1,185.3,7160,56.5,29900000,31700000,161000,226000,283000,346000,587000,1170000000,139.7,WT9X38
H_SB_WT230x53,194,235,20.6,12.6,10.1,177.6,6710,53,32500000,12500000,184000,129000,328000,202000,724000,1060000000,88.9,WT9X35.5
H_SB_WT230x48.5,193,233,19.1,11.4,10.1,177.1,6160,48.5,29400000,11400000,166000,118000,295000,184000,566000,808000000,88.9,WT9X32.5
H_SB_WT230x44.5,192,232,17.7,10.5,10.2,177.1,5690,44.5,26900000,10400000,152000,109000,270000,169000,450000,631000000,88.9,WT9X30
H_SB_WT230x41,191,230,16,9.91,10.2,175.1,5230,41,24800000,9370000,141000,97800,251000,152000,345000,494000000,88.9,WT9X27.5
H_SB_WT230x37,191,229,14.5,9.02,10.2,175.2,4740,37,22300000,8320000,128000,87700,226000,136000,258000,365000000,88.9,WT9X25
H_SB_WT230x34,154,229,15.4,9.14,10.3,169.8,4370,34,21700000,4700000,127000,60800,228000,95700,253000,322000000,88.9,WT9X23
H_SB_WT230x30,153,227,13.3,8,10.2,168.8,3790,30,18600000,3980000,110000,51900,197000,81400,168000,212000000,88.9,WT9X20
H_SB_WT230x26,152,225,10.8,7.62,10.2,164.3,3320,26,16700000,3190000,102000,42000,184000,65900,105000,161000000,88.9,WT9X17.5
H_SB_WT205x74.5,264,216,25,14.9,10.3,171.3,9480,74.5,32000000,38800000,187000,293000,339000,449000,1600000,2790000000,139.7,WT8X50
H_SB_WT205x66,264,213,22.2,13.3,10.3,169.8,8450,66,28000000,33800000,166000,257000,297000,393000,1130000,1930000000,139.7,WT8X44.5
H_SB_WT205x57,262,210,19.3,11.6,10.2,168.6,7290,57,23700000,28800000,141000,220000,251000,336000,741000,1240000000,139.7,WT8X38.5
H_SB_WT205x50,259,208,16.9,10,10.3,168.4,6330,50,20200000,24800000,121000,190000,213000,290000,495000,808000000,139.7,WT8X33.5
H_SB_WT205x42.5,181,209,18.2,10.9,10.2,159.7,5410,42.5,20300000,8990000,127000,99300,226000,154000,458000,534000000,88.9,WT8X28.5
H_SB_WT205x37.5,180,207,16,9.65,10.2,159,4750,37.5,17600000,7740000,111000,86200,197000,134000,316000,360000000,88.9,WT8X25
H_SB_WT205x33.5,179,205,14.4,8.76,10.2,157.8,4280,33.5,15700000,6830000,100000,76500,177000,118000,231000,262000000,88.9,WT8X22.5
H_SB_WT205x30,178,203,12.8,7.75,10.2,157,3800,30,13800000,5990000,87700,67500,155000,104000,165000,181000000,88.9,WT8X20
H_SB_WT205x26.5,178,201,10.9,7.49,10.2,153.2,3410,26.5,12700000,5080000,82800,57400,146000,88800,113000,139000000,88.9,WT8X18
H_SB_WT205x23.05,140,202,11.2,6.99,10.2,150.7,2940,23.1,11400000,2580000,76000,36700,136000,57500,95700,98300000,88.9,WT8X15.5
H_SB_WT205x19.4,140,199,8.76,6.35,10.24,145.9,2480,19.4,9780000,1990000,67000,28500,121000,44700,54100,65300000,88.9,WT8X13
H_SB_WT180x543,455,284,125,78,15,195.9,69000,543,308000000,982000000,1560000,4330000,3460000,6690000,297000000,1.41E+12,190.5,WT7X365
H_SB_WT180x495,450,274,115,71.9,15,191.4,63100,495,259000000,866000000,1350000,3870000,2980000,5980000,231000000,1.05E+12,190.5,WT7X332.5
H_SB_WT180x450,442,267,106,66,15,189.5,57400,450,218000000,766000000,1160000,3460000,2570000,5340000,179000000,7.87E+11,190.5,WT7X302.5
H_SB_WT180x409,437,257,97,60.5,15,184.6,52200,409,184000000,678000000,998000,3100000,2230000,4790000,138000000,5.85E+11,190.5,WT7X275
H_SB_WT180x372,432,249,88.9,55.6,15.1,181.2,47400,372,156000000,599000000,864000,2770000,1920000,4280000,106000000,4.35E+11,190.5,WT7X250
H_SB_WT180x338.5,427,242,81.5,51.3,15.3,178.2,43200,338,134000000,533000000,752000,2490000,1670000,3830000,81600000,3.25E+11,190.5,WT7X227.5
H_SB_WT180x317,424,237,77.2,47.8,15,176,40500,317,119000000,491000000,678000,2310000,1500000,3560000,68300000,2.66E+11,190.5,WT7X213
H_SB_WT180x296,422,232,72.4,45,15,173.6,37700,296,107000000,454000000,616000,2150000,1360000,3290000,56200000,2.15E+11,190.5,WT7X199
H_SB_WT180x275.5,419,228,67.6,42.2,15.2,172.4,35100,276,95300000,414000000,556000,1980000,1220000,3030000,45800000,1.72E+11,190.5,WT7X185
H_SB_WT180x254.5,417,223,62.7,39.1,15.3,169.9,32500,546,84500000,376000000,498000,1800000,1080000,2770000,36800000,1.35E+11,190.5,WT7X171
H_SB_WT180x231.5,411,217,57.4,35.8,15.2,167,29500,232,73300000,336000000,438000,1630000,946000,2490000,28100000,1.01E+11,190.5,WT7X155.5
H_SB_WT180x210.5,409,213,52.6,32.8,15.2,165.8,26800,210,63700000,301000000,385000,1470000,826000,2250000,21600000,75500000000,190.5,WT7X141.5
H_SB_WT180x191,406,208,48,30,15.2,163.5,24400,191,55400000,268000000,339000,1320000,719000,2020000,16400000,56100000000,190.5,WT7X128.5
H_SB_WT180x173.5,404,204,43.7,27.2,15.2,162.1,22100,174,48300000,240000000,298000,1190000,626000,1800000,12300000,41400000000,190.5,WT7X116.5
H_SB_WT180x157,401,200,39.6,24.9,15.3,160.1,20000,157,42500000,214000000,265000,1070000,547000,1620000,9240000,30300000000,190.5,WT7X105.5
H_SB_WT180x143.5,399,197,36.6,22.6,15.2,159.2,18300,144,37400000,194000000,236000,972000,482000,1480000,7200000,23400000000,190.5,WT7X96.5
H_SB_WT180x131,399,193,33.3,21.1,15.2,156.7,16700,131,33500000,174000000,213000,877000,431000,1330000,5490000,17500000000,190.5,WT7X88
H_SB_WT180x118.5,396,190,30.2,18.9,15.3,155.7,15100,118,29200000,156000000,187000,788000,374000,1200000,4100000,12900000000,190.5,WT7X79.5
H_SB_WT180x108,394,188,27.7,17.3,15.2,155.2,13700,108,26000000,141000000,167000,716000,331000,1080000,3150000,9750000000,190.5,WT7X72.5
H_SB_WT180x98,373,186,26.2,16.4,15.2,153.2,12500,98,24100000,114000000,157000,610000,305000,926000,2550000,7140000000,139.7,WT7X66
H_SB_WT180x89.5,373,184,23.9,15,15.2,152.5,11400,89.5,21500000,103000000,141000,552000,270000,839000,1940000,5370000000,139.7,WT7X60
H_SB_WT180x81,371,182,21.8,13.3,15.3,152.3,10300,81,18900000,92800000,124000,501000,236000,759000,1480000,4030000000,139.7,WT7X54.5
H_SB_WT180x73.5,371,180,19.8,12.3,15.3,151,9420,73.5,17000000,83700000,113000,452000,211000,685000,1120000,2980000000,139.7,WT7X49.5
H_SB_WT180x67,368,178,18,11.2,15.3,150.3,8520,67,15200000,75300000,101000,410000,188000,619000,845000,2230000000,139.7,WT7X45
H_SB_WT180x61,257,182,21.7,13,15.1,146.7,7740,61,17100000,30800000,117000,239000,216000,367000,1050000,1510000000,139.7,WT7X41
H_SB_WT180x55,257,180,19.9,11.4,15.2,146.5,7030,55,15000000,27800000,102000,218000,188000,331000,803000,1130000000,139.7,WT7X37
H_SB_WT180x50.5,254,178,18.3,10.5,15,145.2,6450,50.5,13600000,25300000,93200,198000,170000,302000,624000,862000000,139.7,WT7X34
H_SB_WT180x45.5,254,177,16.4,9.53,15.1,145.2,5780,45.5,12000000,22400000,83100,175000,150000,269000,454000,615000000,139.7,WT7X30.5
H_SB_WT180x39.5,205,177,16.8,9.4,15,141.9,5030,39.5,11500000,12000000,81000,117000,145000,180000,402000,392000000,139.7,WT7X26.5
H_SB_WT180x36,204,175,15.1,8.64,15.1,140.7,4560,36,10400000,10700000,73600,105000,131000,161000,301000,287000000,139.7,WT7X24
H_SB_WT180x32,203,173,13.5,7.75,14.9,139.7,4070,32,9120000,9410000,65200,92600,116000,142000,217000,202000000,139.7,WT7X21.5
H_SB_WT180x28.9,172,179,13.1,7.87,10.1,139.9,3600,28.9,9700000,5540000,69200,64600,122000,99500,166000,149000000,88.9,WT7X19
H_SB_WT180x25.5,171,178,11.6,7.24,10.1,139.1,3230,25.5,8700000,4830000,62800,56500,110000,87200,118000,107000000,88.9,WT7X17
H_SB_WT180x22,171,176,9.78,6.86,10.12,135.9,2850,22,7910000,4070000,58200,47700,102000,73600,79100,77100000,88.9,WT7X15
H_SB_WT180x19.5,128,177,10.7,6.48,10.1,133.3,2480,19.5,7200000,1850000,54200,29000,96500,45200,74500,55600000,69.85,WT7X13
H_SB_WT180x16.45,127,174,8.51,5.84,10.19,129.3,2100,16.5,6160000,1460000,47700,22900,85200,35900,43300,36000000,69.85,WT7X11
H_SB_WT155x250,340,214,75.2,45.2,15,155.3,31900,250,79100000,247000000,511000,1450000,1120000,2250000,49900000,1.29E+11,139.7,WT6X168
H_SB_WT155x227,335,207,68.8,41.4,15,152.1,28800,227,67400000,219000000,442000,1300000,968000,2000000,38300000,95600000000,139.7,WT6X152.5
H_SB_WT155x207.5,333,201,62.7,38.9,15.3,148.9,26500,208,58700000,195000000,395000,1170000,850000,1800000,29500000,71700000000,139.7,WT6X139.5
H_SB_WT155x187.5,330,196,57.2,35.6,15.2,147.2,23900,188,50400000,172000000,342000,1040000,734000,1600000,22300000,52400000000,139.7,WT6X126
H_SB_WT155x171,328,191,52.6,32.8,15.2,144.8,21800,171,44100000,154000000,303000,942000,646000,1450000,17300000,39700000000,139.7,WT6X115
H_SB_WT155x156.5,325,187,48.3,30,15.2,143.3,19900,156,38300000,138000000,269000,850000,565000,1310000,13400000,30100000000,139.7,WT6X105
H_SB_WT155x141.5,323,183,44.2,26.9,15,141.9,18100,142,32900000,123000000,233000,762000,488000,1170000,10100000,22000000000,139.7,WT6X95
H_SB_WT155x126.5,320,178,39.6,24.4,15.3,139.4,16100,126,28200000,108000000,202000,675000,420000,1030000,7370000,15700000000,139.7,WT6X85
H_SB_WT155x113,318,174,35.6,22.1,15.2,137.7,14500,113,24300000,94500000,177000,596000,361000,911000,5330000,11100000000,139.7,WT6X76
H_SB_WT155x101,315,170,31.8,20.1,15.2,135.7,12900,101,21100000,82800000,155000,526000,311000,801000,3830000,7760000000,139.7,WT6X68
H_SB_WT155x89.5,312,167,28.2,18,15,134.5,11400,89.5,18100000,71600000,135000,459000,265000,700000,2670000,5290000000,139.7,WT6X60
H_SB_WT155x79,310,164,25.1,15.5,15.3,133.8,10100,79,15100000,62900000,113000,405000,223000,615000,1890000,3650000000,139.7,WT6X53
H_SB_WT155x71.5,310,162,22.9,14,15.2,133.3,9100,71.5,13300000,56200000,100000,364000,195000,552000,1420000,2710000000,139.7,WT6X48
H_SB_WT155x64.5,307,159,20.6,13.1,15.2,131.1,8260,64.5,12000000,49900000,91800,326000,175000,495000,1060000,1970000000,139.7,WT6X43.5
H_SB_WT155x58.5,307,157,18.7,11.9,15.1,130.1,7480,58.5,10700000,45000000,82400,293000,156000,444000,795000,1460000000,139.7,WT6X39.5
H_SB_WT155x53.5,305,156,17,10.9,15.3,130.1,6840,53.5,9660000,40600000,74400,265000,139000,403000,608000,1090000000,139.7,WT6X36
H_SB_WT155x48.5,305,154,15.4,9.91,15.1,129,6150,48.5,8570000,36300000,66500,238000,123000,361000,454000,798000000,139.7,WT6X32.5
H_SB_WT155x43,254,155,16.3,9.14,15.2,128.8,5500,43,7950000,22300000,61600,175000,114000,265000,437000,559000000,139.7,WT6X29
H_SB_WT155x39.5,254,153,14.6,8.76,15.4,127.1,5020,39.5,7370000,19900000,58000,157000,106000,238000,328000,411000000,139.7,WT6X26.5
H_SB_WT155x37,205,155,16.3,9.4,12.7,125.3,4710,37,7780000,11700000,62100,114000,113000,174000,356000,330000000,139.7,WT6X25
H_SB_WT155x33.5,204,153,14.6,8.51,12.8,124.3,4230,33.5,6910000,10400000,55600,102000,100000,155000,261000,238000000,139.7,WT6X22.5
H_SB_WT155x30,203,152,13.1,7.49,12.8,124.3,3770,30,5990000,9160000,48300,90100,86500,137000,188000,166000000,139.7,WT6X20
H_SB_WT155x26,167,159,13.2,7.62,7.6,126,3340,26,6660000,5080000,52900,61100,93600,93900,154000,117000000,88.9,WT6X17.5
H_SB_WT155x22.25,166,157,11.2,6.6,7.6,124.7,2840,22.3,5620000,4250000,45100,51100,79100,78300,94900,71700000,88.9,WT6X15
H_SB_WT155x19.35,165,155,9.65,5.84,7.65,123.2,2460,19.4,4870000,3600000,39300,43800,68800,66900,62400,46700000,88.9,WT6X13
H_SB_WT155x16.35,102,156,10.8,6.6,7.6,114.6,2090,16.4,4870000,970000,42400,18800,75900,30000,60800,36800000,57.15,WT6X11
H_SB_WT155x14.15,102,154,8.89,5.97,7.61,112.1,1800,14.2,4200000,783000,37400,15400,67400,24400,37400,25100000,57.15,WT6X9.5
H_SB_WT155x11.9,101,152,6.73,5.59,7.67,107.8,1520,11.9,3620000,587000,33400,11600,61000,18500,21300,18200000,57.15,WT6X8
H_SB_WT155x10.5,101,151,5.72,5.08,7.58,106.3,1340,10.5,3190000,491000,30000,9720,54400,15500,14600,13200000,57.15,WT6X7
H_SB_WT125x83.5,264,144,31.8,19.2,12.7,113.3,10600,83.5,11900000,49100000,105000,370000,220000,567000,3120000,4540000000,139.7,WT5X56
H_SB_WT125x74.5,262,141,28.4,17.3,12.7,112.3,9480,74.5,10200000,42900000,91100,328000,187000,500000,2250000,3200000000,139.7,WT5X50
H_SB_WT125x65.5,262,138,25.1,15.4,12.7,111.1,8390,65.5,8660000,37200000,78200,285000,158000,434000,1560000,2150000000,139.7,WT5X44
H_SB_WT125x57.5,259,135,22.1,13.5,12.7,109.9,7290,57.5,7240000,32000000,66400,247000,132000,375000,1060000,1430000000,139.7,WT5X38.5
H_SB_WT125x50.5,257,132,19.6,11.9,12.7,108.3,6450,50.5,6200000,27800000,57200,216000,112000,328000,741000,972000000,139.7,WT5X34
H_SB_WT125x44.5,257,130,17.3,10.7,12.7,107.5,5700,44.5,5370000,24200000,49800,188000,96200,287000,512000,661000000,139.7,WT5X30
H_SB_WT125x40,254,128,15.6,9.4,12.8,106.8,5100,40,4620000,21500000,43300,169000,82800,256000,378000,478000000,139.7,WT5X27
H_SB_WT125x36.5,254,127,14.2,8.64,12.7,106.5,4650,36.5,4160000,19400000,39200,153000,74100,231000,288000,357000000,139.7,WT5X24.5
H_SB_WT125x33.5,204,128,15.7,8.89,12.7,105,4280,33.5,4250000,11100000,40500,109000,76200,166000,313000,263000000,139.7,WT5X22.5
H_SB_WT125x29,203,126,13.5,8,12.7,103.7,3700,29,3680000,9370000,35400,92400,65400,140000,203000,165000000,139.7,WT5X19.5
H_SB_WT125x24.55,202,124,11,7.37,12.7,101.9,3130,24.6,3210000,7620000,31600,75400,57000,115000,121000,95600000,139.7,WT5X16.5
H_SB_WT125x22.4,148,133,13,7.62,7.6,105.1,2850,22.4,3860000,3480000,36700,47000,65700,72300,129000,73300000,69.85,WT5X15
H_SB_WT125x19.25,147,131,11.2,6.6,7.6,104.1,2460,19.3,3270000,2930000,31300,40000,55600,61500,83700,46500000,69.85,WT5X13
H_SB_WT125x16.35,146,129,9.14,6.1,7.66,101.8,2090,16.4,2860000,2380000,28200,32600,49500,50000,49500,28700000,69.85,WT5X11
H_SB_WT125x14.2,102,130,10,6.35,7.7,97.5,1810,14.2,2780000,895000,28500,17500,50800,27400,48300,21400000,57.15,WT5X9.5
H_SB_WT125x12.65,102,129,8.38,6.1,7.62,95.5,1610,12.7,2520000,741000,26500,14500,47500,22900,32300,16400000,57.15,WT5X8.5
H_SB_WT125x11.15,102,127,6.86,5.84,7.64,92.2,1430,11.2,2270000,604000,24600,11800,44400,18800,21600,12800000,57.15,WT5X7.5
H_SB_WT125x8.95,101,125,5.33,4.83,7.67,90.5,1140,8.95,1810000,454000,20000,9030,36100,14200,11300,6850000,57.15,WT5X6
H_SB_WT100x50,210,114,23.7,14.5,10.1,90.2,6350,50,4540000,18400000,50000,175000,103000,267000,1040000,956000000,139.7,WT4X33.5
H_SB_WT100x43,209,111,20.6,13,9.9,88.8,5510,43,3800000,15600000,42800,150000,86000,228000,691000,612000000,139.7,WT4X29
H_SB_WT100x35.5,206,108,17.4,10.2,10,88.3,4550,35.5,2850000,12700000,32300,123000,64600,187000,407000,349000000,139.7,WT4X24
H_SB_WT100x29.5,205,105,14.2,9.14,10,86.3,3790,29.5,2390000,10200000,27700,99600,53300,151000,232000,192000000,139.7,WT4X20
H_SB_WT100x26,204,103,12.6,7.87,10,85.5,3320,26,2010000,8870000,23400,87000,44400,132000,160000,129000000,139.7,WT4X17.5
H_SB_WT100x23.05,203,102,11,7.24,10.1,85,2940,23.1,1780000,7700000,21000,76000,39200,115000,111000,87800000,139.7,WT4X15.5
H_SB_WT100x20.85,166,102,11.8,7.24,10,83.4,2660,20.9,1760000,4500000,21000,54200,39000,82600,112000,61800000,88.9,WT4X14
H_SB_WT100x17.95,165,101,10.2,6.22,10,83.3,2280,18,1470000,3800000,17700,46000,32400,70100,72000,38700000,88.9,WT4X12
H_SB_WT100x15.65,134,105,10.2,6.35,7.6,83.9,1990,15.7,1620000,2030000,19300,30300,34600,46500,58700,24600000,69.85,WT4X10.5
H_SB_WT100x13.3,133,103,8.38,5.84,7.62,81.8,1700,13.3,1420000,1660000,17200,24900,30500,38200,35600,15100000,69.85,WT4X9
H_SB_WT100x11.25,102,103,8,6.22,7.6,77.7,1430,11.3,1370000,708000,17500,13900,31300,21800,28300,10300000,57.15,WT4X7.5
H_SB_WT100x9.65,102,102,6.48,5.84,7.62,75.8,1240,9.65,1200000,566000,16000,11200,28500,17500,18000,7220000,57.15,WT4X6.5
H_SB_WT100x7.5,100,100,5.21,4.32,7.59,75.8,955,7.5,895000,437000,11700,8700,20800,13500,8820,3060000,57.15,WT4X5
H_SB_WT75x18.55,154,81,11.6,8.13,6.3,65.5,2370,18.6,953000,3550000,14500,46000,27500,70100,95300,45900000,88.9,WT3X12.5
H_SB_WT75x14.9,153,78.7,9.27,6.6,6.33,64.5,1900,14.9,733000,2760000,11400,36200,21100,55100,49900,23000000,88.9,WT3X10
H_SB_WT75x11.25,152,76.2,6.6,5.84,6.4,62,1430,11.3,587000,1940000,9460,25600,16900,38800,21000,9180000,88.9,WT3X7.5
H_SB_WT75x12,102,79.8,10.3,6.6,6.3,62.6,1530,12,703000,920000,11200,18000,20500,27700,46200,11400000,57.15,WT3X8
H_SB_WT75x9,102,76.7,7.11,5.84,6.39,59.5,1150,9,549000,624000,9240,12300,16600,19000,18700,4780000,57.15,WT3X6
H_SB_WT75x6.75,100,74.9,5.46,4.32,6.34,59.1,865,6.75,395000,458000,6690,9130,11800,14000,8410,1980000,57.15,WT3X4.5
H_SB_WT75x6.5,100,74.2,4.95,4.32,6.35,58,813,6.5,377000,414000,6510,8280,11500,12700,6910,1660000,57.15,WT3X4.25
H_SB_WT65x14.05,128,65.5,10.9,6.86,7.6,53.1,1790,14.1,420000,1900000,7950,29700,15900,45200,65300,20800000,69.85,WT2.5X9.5
H_SB_WT65x11.9,127,63.8,9.14,6.1,7.66,52.2,1520,11.9,352000,1560000,6770,24600,13100,37400,39900,12200000,69.85,WT2.5X8
H_SB_WT50x9.65,103,52.8,8.76,7.11,6.34,41.6,1230,9.65,219000,803000,5260,15600,10100,23900,31200,6260000,57.15,WT2X6.5
