,Width##SECTION_PROPERTY##MILLIMETERS,Height##SECTION_PROPERTY##MILLIMETERS,Flange Thickness##SECTION_PROPERTY##MILLIMETERS,Web Thickness##SECTION_PROPERTY##MILLIMETERS,Web Fillet##SECTION_PROPERTY##MILLIMETERS,Section Area##SECTION_AREA##SQUARE_MILLIMETERS,Nominal Weight##WEIGHT_PER_UNIT_LENGTH##KILOGRAMS_FORCE_PER_METER,Perimeter##SURFACE_AREA##SQUARE_METERS_PER_METER,Moment of Inertia strong axis##MOMENT_OF_INERTIA##MILLIMETERS_TO_THE_FOURTH_POWER,Moment of Inertia weak axis##MOMENT_OF_INERTIA##MILLIMETERS_TO_THE_FOURTH_POWER,Elastic Modulus strong axis##SECTION_MODULUS##CUBIC_MILLIMETERS,Elastic Modulus weak axis##SECTION_MODULUS##CUBIC_MILLIMETERS,Plastic Modulus strong axis##SECTION_MODULUS##CUBIC_MILLIMETERS,Plastic Modulus weak axis##SECTION_MODULUS##CUBIC_MILLIMETERS,Torsional Moment of Inertia##MOMENT_OF_INERTIA##MILLIMETERS_TO_THE_FOURTH_POWER,Warping Constant##WARPING_CONSTANT##MILLIMETERS_TO_THE_SIXTH_POWER,Bolt Spacing##SECTION_DIMENSION##MILLIMETERS
H_SB_HE 100 AA,100,91,5.5,5.5,12,15.6,12.2,0.553,0,0,0,0,0,0,0,0,0
H_SB_HE 100 A,100,96,8,8,12,21.24,16.7,0.561,0,0,0,0,0,0,0,0,0
H_SB_HE 100 B,100,100,10,10,12,26.04,20.4,0.567,0,0,0,0,0,0,0,0,0
H_SB_HE 100 M,106,120,20,20,12,53.24,41.8,0.619,0,0,0,0,0,0,0,0,0
H_SB_HE 120 AA,120,109,5.5,5.5,12,18.55,14.6,0.669,0,0,0,0,0,0,0,0,0
H_SB_HE 120 A,120,114,8,8,12,25.34,19.9,0.677,0,0,0,0,0,0,0,0,0
H_SB_HE 120 B,120,120,11,11,12,34.01,26.7,0.686,0,0,0,0,0,0,0,0,0
H_SB_HE 120 M,126,140,21,21,12,66.41,52.1,0.738,0,0,0,0,0,0,0,0,0
H_SB_HE 140 AA,140,128,6,6,12,23.02,18.1,0.787,0,0,0,0,0,0,0,0,0
H_SB_HE 140 A,140,133,8.5,8.5,12,31.42,24.7,0.794,0,0,0,0,0,0,0,0,0
H_SB_HE 140 B,140,140,12,12,12,42.96,33.7,0.805,0,0,0,0,0,0,0,0,0
H_SB_HE 140 M,146,160,22,22,12,80.56,63.2,0.857,0,0,0,0,0,0,0,0,0
H_SB_HE 160 AA,160,148,7,7,15,30.36,23.8,0.901,0,0,0,0,0,0,0,0,0
H_SB_HE 160 A,160,152,9,9,15,38.77,30.4,0.906,0,0,0,0,0,0,0,0,0
H_SB_HE 160 B,160,160,13,13,15,54.25,42.6,0.918,0,0,0,0,0,0,0,0,0
H_SB_HE 160 M,166,180,23,23,15,97.05,76.2,0.97,0,0,0,0,0,0,0,0,0
H_SB_HE 180 AA,180,167,7.5,7.5,15,36.53,28.7,1.018,0,0,0,0,0,0,0,0,0
H_SB_HE 180 A,180,171,9.5,9.5,15,45.25,35.5,1.024,0,0,0,0,0,0,0,0,0
H_SB_HE 180 B,180,180,14,14,15,65.25,51.2,1.037,0,0,0,0,0,0,0,0,0
H_SB_HE 180 M,186,200,24,24,15,113.3,88.9,1.089,0,0,0,0,0,0,0,0,0
H_SB_HE 200 AA,200,186,8,8,18,44.13,34.6,1.13,0,0,0,0,0,0,0,0,0
H_SB_HE 200 A,200,190,10,10,18,53.83,42.3,1.136,0,0,0,0,0,0,0,0,0
H_SB_HE 200 B,200,200,15,15,18,78.08,61.3,1.151,0,0,0,0,0,0,0,0,0
H_SB_HE 200 M,206,220,25,25,18,131.3,103,1.203,0,0,0,0,0,0,0,0,0
H_SB_HE 220 AA,220,205,8.5,8.5,18,51.46,40.4,1.247,0,0,0,0,0,0,0,0,0
H_SB_HE 220 A,220,210,11,11,18,64.34,50.5,1.255,0,0,0,0,0,0,0,0,0
H_SB_HE 220 B,220,220,16,16,18,91.04,71.5,1.27,0,0,0,0,0,0,0,0,0
H_SB_HE 220 M,226,240,26,26,18,149.4,117,1.322,0,0,0,0,0,0,0,0,0
H_SB_HE 240 AA,240,224,9,9,21,60.38,47.4,1.359,0,0,0,0,0,0,0,0,0
H_SB_HE 240 A,240,230,12,12,21,76.84,60.3,1.369,0,0,0,0,0,0,0,0,0
H_SB_HE 240 B,240,240,17,17,21,106,83.2,1.384,0,0,0,0,0,0,0,0,0
H_SB_HE 240 M,248,270,32,32,21,199.6,157,1.46,0,0,0,0,0,0,0,0,0
H_SB_HE 260 AA,260,244,9.5,9.5,24,68.97,54.1,1.474,0,0,0,0,0,0,0,0,0
H_SB_HE 260 A,260,250,12.5,12.5,24,86.82,68.2,1.484,0,0,0,0,0,0,0,0,0
H_SB_HE 260 B,260,260,17.5,17.5,24,118.4,93,1.499,0,0,0,0,0,0,0,0,0
H_SB_HE 260 M,268,290,32.5,32.5,24,219.6,172,1.575,0,0,0,0,0,0,0,0,0
H_SB_HE 280 AA,280,264,10,10,24,78.02,61.2,1.593,0,0,0,0,0,0,0,0,0
H_SB_HE 280 A,280,270,13,13,24,97.26,76.4,1.603,0,0,0,0,0,0,0,0,0
H_SB_HE 280 B,280,280,18,18,24,131.4,103,1.618,0,0,0,0,0,0,0,0,0
H_SB_HE 280 M,288,310,33,33,24,240.2,189,1.694,0,0,0,0,0,0,0,0,0
H_SB_HE 300 AA,300,283,10.5,10.5,27,88.91,69.8,1.705,0,0,0,0,0,0,0,0,0
H_SB_HE 300 A,300,290,14,14,27,112.5,88,1.717,0,0,0,0,0,0,0,0,0
H_SB_HE 300 B,300,300,19,19,27,149.1,117,1.732,0,0,0,0,0,0,0,0,0
H_SB_HE 300 M,310,340,39,39,27,303.1,238,1.832,0,0,0,0,0,0,0,0,0
H_SB_HE 320 AA,300,301,11,11,27,94.58,74,1.74,0,0,0,0,0,0,0,0,0
H_SB_HE 320 A,300,310,15.5,15.5,27,124.4,97.6,1.756,0,0,0,0,0,0,0,0,0
H_SB_HE 320 B,300,320,20.5,20.5,27,161.3,127,1.771,0,0,0,0,0,0,0,0,0
H_SB_HE 320 M,309,359,40,40,27,312,245,1.866,0,0,0,0,0,0,0,0,0
H_SB_HE 340 AA,300,320,11.5,11.5,27,100.5,78.9,1.777,0,0,0,0,0,0,0,0,0
H_SB_HE 340 A,300,330,16.5,16.5,27,133.5,105,1.795,0,0,0,0,0,0,0,0,0
H_SB_HE 340 B,300,340,21.5,21.5,27,170.9,134,1.81,0,0,0,0,0,0,0,0,0
H_SB_HE 340 M,309,377,40,40,27,315.8,248,1.902,0,0,0,0,0,0,0,0,0
H_SB_HE 360 AA,300,339,12,12,27,106.6,84,1.814,0,0,0,0,0,0,0,0,0
H_SB_HE 360 A,300,350,17.5,17.5,27,142.8,112,1.834,0,0,0,0,0,0,0,0,0
H_SB_HE 360 B,300,360,22.5,22.5,27,180.6,142,1.849,0,0,0,0,0,0,0,0,0
H_SB_HE 360 M,308,395,40,40,27,318.8,250,1.934,0,0,0,0,0,0,0,0,0
H_SB_HE 400 AA,300,378,13,13,27,117.7,92,1.891,0,0,0,0,0,0,0,0,0
H_SB_HE 400 A,300,390,19,19,27,159,125,1.912,0,0,0,0,0,0,0,0,0
H_SB_HE 400 B,300,400,24,24,27,197.8,155,1.927,0,0,0,0,0,0,0,0,0
H_SB_HE 400 M,307,432,40,40,27,325.8,256,2.004,0,0,0,0,0,0,0,0,0
H_SB_HE 450 AA,300,425,13.5,13.5,27,127.1,100,1.984,0,0,0,0,0,0,0,0,0
H_SB_HE 450 A,300,440,21,21,27,178,140,2.011,0,0,0,0,0,0,0,0,0
H_SB_HE 450 B,300,450,26,26,27,218,171,2.026,0,0,0,0,0,0,0,0,0
H_SB_HE 450 M,307,478,40,40,27,335.4,263,2.096,0,0,0,0,0,0,0,0,0
H_SB_HE 500 AA,300,472,14,14,27,136.9,107,2.077,0,0,0,0,0,0,0,0,0
H_SB_HE 500 A,300,490,23,23,27,197.5,155,2.11,0,0,0,0,0,0,0,0,0
H_SB_HE 500 B,300,500,28,28,27,238.6,187,2.125,0,0,0,0,0,0,0,0,0
H_SB_HE 500 M,306,524,40,40,27,344.3,270,2.184,0,0,0,0,0,0,0,0,0
H_SB_HE 550 AA,300,522,15,15,27,152.8,120,2.175,0,0,0,0,0,0,0,0,0
H_SB_HE 550 A,300,540,24,24,27,211.8,166,2.209,0,0,0,0,0,0,0,0,0
H_SB_HE 550 B,300,550,29,29,27,254.1,199,2.224,0,0,0,0,0,0,0,0,0
H_SB_HE 550 M,306,572,40,40,27,354.4,278,2.28,0,0,0,0,0,0,0,0,0
H_SB_HE 600 AA,300,571,15.5,15.5,27,164.1,129,2.272,0,0,0,0,0,0,0,0,0
H_SB_HE 600 A,300,590,25,25,27,226.5,178,2.308,0,0,0,0,0,0,0,0,0
H_SB_HE 600 B,300,600,30,30,27,270,212,2.323,0,0,0,0,0,0,0,0,0
H_SB_HE 600 M,305,620,40,40,27,363.7,285,2.372,0,0,0,0,0,0,0,0,0
H_SB_HE 600 x 337,310,632,46,46,27,429.2,337,2.407,0,0,0,0,0,0,0,0,0
H_SB_HE 600 x 399,315,648,54,54,27,508.5,399,2.45,0,0,0,0,0,0,0,0,0
H_SB_HE 650 AA,300,620,16,16,27,175.8,138,2.369,0,0,0,0,0,0,0,0,0
H_SB_HE 650 A,300,640,26,26,27,241.6,190,2.407,0,0,0,0,0,0,0,0,0
H_SB_HE 650 B,300,650,31,31,27,286.3,225,2.422,0,0,0,0,0,0,0,0,0
H_SB_HE 650 M,305,668,40,40,27,373.7,293,2.468,0,0,0,0,0,0,0,0,0
H_SB_HE 650 x 343,309,680,46,46,27,437.5,343,2.5,0,0,0,0,0,0,0,0,0
H_SB_HE 650 x 407,314,696,54,54,27,518.8,407,2.543,0,0,0,0,0,0,0,0,0
H_SB_HE 700 AA,300,670,17,17,27,190.9,150,2.468,0,0,0,0,0,0,0,0,0
H_SB_HE 700 A,300,690,27,27,27,260.5,204,2.505,0,0,0,0,0,0,0,0,0
H_SB_HE 700 B,300,700,32,32,27,306.4,241,2.52,0,0,0,0,0,0,0,0,0
H_SB_HE 700 M,304,716,40,40,27,383,301,2.56,0,0,0,0,0,0,0,0,0
H_SB_HE 700 x 352,308,728,46,46,27,448.6,352,2.592,0,0,0,0,0,0,0,0,0
H_SB_HE 700 x 418,313,744,54,54,27,531.9,418,2.635,0,0,0,0,0,0,0,0,0
H_SB_HE 800 AA,300,770,18,18,30,218.5,172,2.66,0,0,0,0,0,0,0,0,0
H_SB_HE 800 A,300,790,28,28,30,285.8,224,2.698,0,0,0,0,0,0,0,0,0
H_SB_HE 800 B,300,800,33,33,30,334.2,262,2.713,0,0,0,0,0,0,0,0,0
H_SB_HE 800 M,303,814,40,40,30,404.3,317,2.746,0,0,0,0,0,0,0,0,0
H_SB_HE 800 x 373,308,826,46,46,30,474.6,373,2.782,0,0,0,0,0,0,0,0,0
H_SB_HE 800 x 444,313,842,54,54,30,566,444,2.824,0,0,0,0,0,0,0,0,0
H_SB_HE 900 AA,300,870,20,20,30,252.2,198,2.858,0,0,0,0,0,0,0,0,0
H_SB_HE 900 A,300,890,30,30,30,320.5,252,2.896,0,0,0,0,0,0,0,0,0
H_SB_HE 900 B,300,900,35,35,30,371.3,291,2.911,0,0,0,0,0,0,0,0,0
H_SB_HE 900 M,302,910,40,40,30,423.6,333,2.934,0,0,0,0,0,0,0,0,0
H_SB_HE 900 x 391,307,922,46,46,30,497.7,391,2.97,0,0,0,0,0,0,0,0,0
H_SB_HE 900 x 466,312,938,54,54,30,593.7,466,3.012,0,0,0,0,0,0,0,0,0
H_SB_HE 1000 AA,300,970,21,21,30,282.2,222,3.056,0,0,0,0,0,0,0,0,0
H_SB_HE 1000 A,300,990,31,31,30,346.8,272,3.095,0,0,0,0,0,0,0,0,0
H_SB_HE 1000 B,300,1000,36,36,30,400,314,3.11,0,0,0,0,0,0,0,0,0
H_SB_HE 1000 M,302,1008,40,40,30,444.2,349,3.13,0,0,0,0,0,0,0,0,0
H_SB_HE 1000 x 393,303,1016,43.9,43.9,30,500.2,393,3.144,0,0,0,0,0,0,0,0,0
H_SB_HE 1000 x 409,306,1020,46,46,30,521.2,409,3.162,0,0,0,0,0,0,0,0,0
H_SB_HE 1000 x 488,311,1036,54,54,30,622,488,3.204,0,0,0,0,0,0,0,0,0
H_SB_HE 1000 x 579,316,1056,64,64,30,737,579,3.254,0,0,0,0,0,0,0,0,0
H_SB_HL 920 x 342,418,912,32,32,24,436.1,342,3.42,0,0,0,0,0,0,0,0,0
H_SB_HL 920 x 365,419,916,34.3,34.3,24,464.4,365,3.43,0,0,0,0,0,0,0,0,0
H_SB_HL 920 x 387,420,921,36.6,36.6,24,493,387,3.44,0,0,0,0,0,0,0,0,0
H_SB_HL 920 x 417,422,928,39.9,39.9,24,532.5,417,3.46,0,0,0,0,0,0,0,0,0
H_SB_HL 920 x 446,423,933,42.7,42.7,24,569.6,446,3.47,0,0,0,0,0,0,0,0,0
H_SB_HL 920 x 488,422,942,47,47,24,621.3,488,3.48,0,0,0,0,0,0,0,0,0
H_SB_HL 920 x 534,425,950,51.1,51.1,24,680.1,534,3.5,0,0,0,0,0,0,0,0,0
H_SB_HL 920 x 585,427,960,55.9,55.9,24,745.3,585,3.52,0,0,0,0,0,0,0,0,0
H_SB_HL 920 x 653,431,972,62,62,24,831.9,653,3.56,0,0,0,0,0,0,0,0,0
H_SB_HL 920 x 784,437,996,73.9,73.9,24,997.7,784,3.62,0,0,0,0,0,0,0,0,0
H_SB_HL 920 x 967,446,1028,89.9,89.9,24,1231,967,3.7,0,0,0,0,0,0,0,0,0
H_SB_HL 1000 x 296,400,982,27,27,30,376.8,296,3.479,0,0,0,0,0,0,0,0,0
H_SB_HL 1000 A,400,990,31,31,30,408.8,321,3.495,0,0,0,0,0,0,0,0,0
H_SB_HL 1000 B,400,1000,36,36,30,472,371,3.51,0,0,0,0,0,0,0,0,0
H_SB_HL 1000 M,402,1008,40,40,30,524.2,412,3.53,0,0,0,0,0,0,0,0,0
H_SB_HL 1000 x 477,404,1018,45,45,30,608,477,3.549,0,0,0,0,0,0,0,0,0
H_SB_HL 1000 x 554,408,1032,52,52,30,705.8,554,3.585,0,0,0,0,0,0,0,0,0
H_SB_HL 1000 x 642,412,1048,60,60,30,817.6,642,3.624,0,0,0,0,0,0,0,0,0
H_SB_HL 1000 x 748,417,1068,70,70,30,953.4,748,3.674,0,0,0,0,0,0,0,0,0
H_SB_HL 1000 x 883,424,1092,82,82,30,1125.3,883,3.737,0,0,0,0,0,0,0,0,0
H_SB_HL 1100 A,400,1090,31,31,20,436.5,343,3.71,0,0,0,0,0,0,0,0,0
H_SB_HL 1100 B,400,1100,36,36,20,497,390,3.726,0,0,0,0,0,0,0,0,0
H_SB_HL 1100 M,402,1108,40,40,20,551.2,433,3.746,0,0,0,0,0,0,0,0,0
H_SB_HL 1100 R,405,1118,45,45,20,635.2,499,3.77,0,0,0,0,0,0,0,0,0
